א דהאבשה,דקה וחצי,נגב 299,,
א דיר במזרח הר חברון,דקה וחצי,יהודה 200,,
א דיר במערב הר חברון,דקה וחצי,יהודה 188,,
א דיראת,דקה וחצי,יהודה 207,,
א דנפירי,דקה וחצי,נגב 300,,
א זיאדנה דרומית לרהט,45 שניות,באר שבע 286,,
א זיאדנה צפונית לרהט,45 שניות,באר שבע 286,,
א זעיים,דקה וחצי,ירושלים 194,,
א טבקה,דקה וחצי,יהודה 207,,
א טוואני,דקה וחצי,יהודה 207,,
א לובאן,דקה וחצי,שומרון 123,,
א נבארי,דקה וחצי,נגב 296,,
א נוואקיר,מיידי,קו העימות 15,,
א סייד ,דקה וחצי,נגב 296,,
א סלבה,15 שניות,קצרין 7,,
א ראם,דקה וחצי,שומרון 126,,
א ראס,דקה וחצי,שומרון 120,,
א ריחייה,דקה וחצי,יהודה 207,,
א שהאדה,דקה וחצי,שומרון 119,,
א שויוח,דקה וחצי,יהודה 206,,
א שייח' אחמד,דקה וחצי,שומרון 121,,
א.ת אשקלון,30 שניות,אשקלון 247,,
אבו ג'אבר,דקה וחצי,נגב 287,,
אבו ג'אבר דרומית ממיתר,דקה וחצי,נגב 296,,
אבו ג'ודה,דקה וחצי,נגב 299,,
אבו ג'ווייעד,דקה וחצי,נגב 299,,
אבו גוש,דקה וחצי,בית שמש 189,,
אבו דיאב,דקה,גליל תחתון 63  ,,
אבו דיס,דקה וחצי,ירושלים 194,,
אבו טראש,דקה וחצי,נגב 287,,
אבו כף אום בטין,דקה וחצי,נגב 287,,
אבו נוג'ים,דקה וחצי,יהודה 200,,
אבו סלמאן,דקה וחצי,שומרון 121,,
אבו סריחאן,דקה וחצי,נגב 287,,
אבו עבדון,דקה וחצי,נגב 287,,
אבו עמרה,דקה וחצי,נגב 287,,
אבו עסא,דקה וחצי,נגב 287,,
אבו עפאש,דקה וחצי,נגב 300,,
אבו קוידר אל עפאוי דרומית לנבטים,דקה וחצי,נגב 297,,
אבו קרינאת,דקה וחצי,נגב 299,,
אבו קרינאת מערבית לכסיפה,דקה וחצי,נגב 299,,
אבו קש,דקה וחצי,שומרון 126,,
אבו רביעה,דקה וחצי,נגב 299,,
אבו רביעה צפונית לכסיפה,דקה וחצי,נגב 299,,
אבו רוקייק,דקה וחצי,נגב 287,,
אבו שח'ידם,דקה וחצי,שומרון 126,,
אבו תלול,דקה וחצי,נגב 297,,
אבטין,דקה,הקריות 71,,
אבטליון,דקה,גליל תחתון 60,,
אביאל,דקה וחצי,מנשה 104,,
אביבים,מיידי,קו העימות 22,,
אביגדור,45 שניות,אשדוד 275,,
אביחיל,דקה וחצי,שרון 138,,
אביטל,דקה,עמק יזרעאל 93,,
אביעזר,דקה וחצי,בית שמש 188,,
אבירים,מיידי,קו העימות 17,,
אבן יהודה,דקה וחצי,שרון 142,,
אבן מנחם,מיידי,קו העימות 16,,
אבן ספיר,דקה וחצי,בית שמש 191,,
אבן שמואל,30 שניות,אשדוד 281,,
אבני איתן,מיידי,גולן 2,,
אבני חפץ,דקה וחצי,שומרון 120,,
אבנת,דקה וחצי,ים המלח 210,,
אבשלום,15 שניות,עוטף עזה 238,,
אדורה,דקה וחצי,יהודה 207,,
אדירים,דקה,עמק יזרעאל 93,,
אדמית,מיידי,קו העימות 15,,
אדרת,דקה וחצי,בית שמש 188,,
אודים,דקה וחצי,שרון 142,,
אודלה,דקה וחצי,שומרון 120,,
אודם,מיידי,גולן 1,,
אוהד,15 שניות,אשקלון 234,,
אוהלו,דקה,תבור 98,,
אום א טלע,דקה וחצי,יהודה 200,,
אום א סח'אלי,דקה,גליל תחתון 63  ,,
אום א ריחאן,דקה וחצי,שומרון 118,,
אום א תות,דקה וחצי,שומרון 119,,
אום אל פחם,דקה וחצי,עירון 113,,
אום אל קוטוף,דקה וחצי,עירון 112,,
אום דאר,דקה וחצי,שומרון 118,,
אום סלמונה,דקה וחצי,יהודה 200,,
אום ספא,דקה וחצי,שומרון 124,,
אום עלאס,דקה וחצי,יהודה 188,,
אום עסלה,דקה וחצי,יהודה 200,,
אומן,דקה,עמק יזרעאל 93,,
אומץ,דקה וחצי,עמק חפר 149,,
אופקים,45 שניות,באר שבע 288,,
אופקים,45 שניות,באר שבע 288,,
אור הגנוז,30 שניות,גליל עליון 44,,
אור הנר,15 שניות,עוטף עזה 219,,
אור יהודה,דקה וחצי,דן 161,,
אור עקיבא,דקה וחצי,מנשה 105,,
אורה,דקה וחצי,בית שמש 191,,
אורון,דקה וחצי,נגב 301,,
אורות,45 שניות,אשדוד 275,,
אורטל,מיידי,גולן 3,,
אורים,30 שניות,אשקלון 256,,
אורנים,דקה,עמק יזרעאל 86,,
אורנית,דקה וחצי,שרון 143,,
אושה,דקה,הקריות 71,,
אזור,דקה וחצי,דן 162,,
אזור תעשיות צבאים,דקה,בקעת בית שאן 128,,
אזור תעשייה בני יהודה,מיידי,גולן 2,,
אזור תעשייה נעמן,דקה,הקריות 70,,
אזור תעשייה שער בנימין,דקה וחצי,שומרון 125,,
אחווה,45 שניות,אשדוד 275,,
אחוזם,30 שניות,אשדוד 281,,
אחוזת ברק,דקה,עמק יזרעאל 90,,
אחוזת שושנה,דקה,בקעת בית שאן 128,,
אחיהוד,דקה,גליל תחתון 63  ,,
אחיטוב,דקה וחצי,עמק חפר 149,,
אחיסמך,דקה וחצי,שפלה 179,,
אחיעזר,דקה וחצי,שפלה 174,,
איבים,15 שניות,עוטף עזה 220,,
איג'ניסיניא,דקה וחצי,שומרון 119,,
אידמית,מיידי,קו העימות 15,,
אייל,דקה וחצי,עמק חפר 139,,
איילת השחר,30 שניות,גליל עליון 47,,
איכתאבא,דקה וחצי,שומרון 119,,
אילון,מיידי,קו העימות 15,,
אילות,30 שניות,אילת 311,,
אילנות,דקה וחצי,עמק חפר 139,,
אילניה,דקה,תבור 96,,
אילת,30 שניות,אילת 311,,
אימאתין,דקה וחצי,שומרון 120,,
אימריש,דקה וחצי,יהודה 207,,
איסכאכא,דקה וחצי,שומרון 124,,
אירוס,דקה וחצי,שפלה 182,,
אירתאח,דקה וחצי,שומרון 119,,
איתמר,דקה וחצי,שומרון 120,,
איתן,30 שניות,אשדוד 281,,
איתנים,דקה וחצי,בית שמש 189,,
אכסאל,דקה,תבור 95,,
אל אסד,דקה וחצי,נגב 287,,
אל בירה,דקה וחצי,שומרון 126,,
אל בירה בהר חברון,דקה,באר שבע 285,,
אל ג'ארושיה,דקה וחצי,שומרון 119,,
אל ג'וויני,דקה וחצי,נגב 299,,
אל ג'נאמי,דקה וחצי,נגב 299,,
אל ג'רג'אווי,דקה וחצי,נגב 300,,
אל הג'רה,דקה וחצי,יהודה 207,,
אל הייל,45 שניות,באר שבע 286,,
אל ולג'ה,דקה וחצי,ירושלים 194,,
אל ולידי,דקה וחצי,נגב 300,,
אל ח'דר,דקה וחצי,יהודה 200,,
אל ח'וואלד מערב,דקה,הקריות 71,,
אל חדב,דקה וחצי,יהודה 207,,
אל חוקוק,45 שניות,באר שבע 286,,
אל חמידי,דקה וחצי,נגב 297,,
אל כלאב,דקה וחצי,נגב 300,,
אל מאג'ור,דקה וחצי,יהודה 207,,
אל מודוור,דקה וחצי,שומרון 121,,
אל מוטילה,דקה וחצי,שומרון 119,,
אל מוע'ייר,דקה וחצי,שומרון 119,,
אל מועלקה,דקה וחצי,עירון 112,,
אל מחד'י צפונית לדימונה,דקה וחצי,נגב 301,,
אל מראג'ם,דקה וחצי,יהודה 207,,
אל ע'ול צפונית לדימונה,דקה וחצי,נגב 301,,
אל עביד,דקה וחצי,נגב 299,,
אל עזי,45 שניות,אשדוד 275,,
אל עטאונה,דקה וחצי,נגב 296,,
אל עלקה אל פוקא,דקה וחצי,יהודה 207,,
אל עמראני דרום מערב לדימונה,דקה וחצי,נגב 301,,
אל ערוב,דקה וחצי,יהודה 206,,
אל עריאן,דקה וחצי,עירון 112,,
אל עת'אמין,דקה וחצי,נגב 297,,
אל עתאיקה,45 שניות,באר שבע 286,,
אל פוואר,דקה וחצי,יהודה 207,,
אל פונדוק,דקה וחצי,שומרון 120,,
אל קוסור,דקה וחצי,יהודה 207,,
אל קורעאן ב,דקה וחצי,נגב 299,,
אל קילא,דקה וחצי,יהודה 188,,
אל קרישי,דקה וחצי,נגב 299,,
אל קרעאן,דקה וחצי,נגב 299,,
אל קרעאן דרומית לערד,דקה וחצי,נגב 299,,
אל קשכר,דקה וחצי,נגב 299,,
אל רום,מיידי,גולן 1,,
אלומה,45 שניות,אשדוד 280,,
אלומות,דקה,תבור 98,,
אלון,דקה וחצי,בקעה 133,,
אלון הגליל,דקה,גליל תחתון 63  ,,
אלון מורה,דקה וחצי,שומרון 120,,
אלון שבות,דקה וחצי,יהודה 206,,
אלון שבות,דקה וחצי,יהודה 206,,
אלוני אבא,דקה,עמק יזרעאל 87,,
אלוני הבשן,מיידי,גולן 3,,
אלוני יצחק,דקה וחצי,מנשה 104,,
אלונים,דקה,עמק יזרעאל 86,,
אלי עד,מיידי,גולן 2,,
אליכין,דקה וחצי,עמק חפר 137,,
אליפז,3 דקות,ערבה 310,,
אליפלט,30 שניות,גליל עליון 50,,
אליקים,דקה וחצי,מנשה 103,,
אלישיב,דקה וחצי,עמק חפר 137,,
אלישמע,דקה וחצי,שרון 143,,
אלמגור,30 שניות,גליל עליון 50,,
אלמוג,דקה וחצי,בקעה 133,,
אלעד,דקה וחצי,שפלה 169,,
אלעזר,דקה וחצי,יהודה 206,,
אלפי מנשה,דקה וחצי,שומרון 121,,
אלקוש,מיידי,קו העימות 17,,
אלקנה,דקה וחצי,שומרון 121,,
אמונים,45 שניות,אשדוד 272,,
אמירים,30 שניות,גליל עליון 44,,
אמנון,30 שניות,גליל עליון 50,,
אמציה,דקה,באר שבע 285,,
אניעם,15 שניות,קצרין 7,,
אספר,דקה וחצי,יהודה 200,,
אספר,דקה וחצי,יהודה 200,,
אעבלין,דקה,גליל תחתון 63  ,,
אעצם,דקה וחצי,נגב 296,,
אפיניש,דקה וחצי,יהודה 207,,
אפיק,מיידי,גולן 2,,
אפיקים,דקה,תבור 98,,
אפק,דקה,הקריות 71,,
אפרתה,דקה וחצי,יהודה 206,,
אקרע,דקה וחצי,שומרון 119,,
ארבל,דקה,גליל תחתון 55  ,,
ארגמן,דקה וחצי,בקעה 130,,
ארז,15 שניות,עוטף עזה 219,,
ארטאס,דקה וחצי,יהודה 200,,
אריאל,דקה וחצי,שומרון 122,,
ארסוף,דקה וחצי,שרון 142,,
אשבול,30 שניות,אשקלון 253,,
אשבל,דקה,גליל תחתון 60,,
אשדוד,45 שניות,אשדוד 271,,
אשדות יעקב איחוד,דקה,תבור 98,,
אשדות יעקב מאוחד,דקה,תבור 98,,
אשחר,דקה,גליל תחתון 60,,
אשכולות,דקה,באר שבע 285,,
אשלים,דקה וחצי,נגב 302,,
אשקלון,30 שניות,אשקלון 246,,
אשרת,30 שניות,גליל עליון 38,,
אשתאול,דקה וחצי,בית שמש 188,,
אתגר,דקה,גליל תחתון 63  ,,
באקה,דקה וחצי,שומרון 120,,
באקה א שרקיה,דקה וחצי,שומרון 119,,
באקה אל ע'רביה,דקה וחצי,עמק חפר 149,,
באקה ג'ת,דקה וחצי,עמק חפר 149,,
באר אורה,3 דקות,ערבה 310,,
באר גנים,30 שניות,אשקלון 246,,
באר טוביה,45 שניות,אשדוד 275,,
באר יעקב,דקה וחצי,שפלה 178,,
באר מילכה,דקה,נגב 302,,
באר שבע,דקה,באר שבע 292,,
בארות יצחק,דקה וחצי,שפלה 169,,
בארותיים,דקה וחצי,עמק חפר 150,,
בארי,15 שניות,עוטף עזה 227,,
בד פלוח,דקה וחצי,יהודה 200,,
בודרוס,דקה וחצי,שפלה 181,,
בווידיעה,דקה וחצי,יהודה 200,,
בוסתן הגליל,30 שניות,גליל עליון 37,,
בועיינה נוג'יידאת,דקה,גליל תחתון 57,,
בוקעתא,מיידי,גולן 1,,
בורג',דקה,באר שבע 285,,
בורגתה,דקה וחצי,עמק חפר 150,,
בורהאם,דקה וחצי,שומרון 124,,
בורוקין,דקה וחצי,שומרון 124,,
בורין,דקה וחצי,שומרון 120,,
בורקה,דקה וחצי,שומרון 126,,
בורקה ליד שכם,דקה וחצי,שומרון 119,,
בורקין,דקה וחצי,שומרון 118,,
בזאריה,דקה וחצי,שומרון 119,,
בחן,דקה וחצי,עמק חפר 149,,
בטחה,45 שניות,באר שבע 289,,
ביאדה בהר חברון,דקה וחצי,יהודה 200,,
בידו,דקה וחצי,בית שמש 190,,
בידיה,דקה וחצי,שומרון 121,,
ביכורה,דקה,בקעת בית שאן 128,,
בילעין,דקה וחצי,שומרון 126,,
ביענה,30 שניות,גליל עליון 42,,
ביצרון,דקה,אשדוד 273,,
ביר אבו אל חמאם,דקה וחצי,נגב 297,,
ביר אל מכסור,דקה,גליל תחתון 63  ,,
ביר הדאג',דקה וחצי,נגב 302,,
ביר זית,דקה וחצי,שומרון 126,,
ביר נבאלה,דקה וחצי,ירושלים 194,,
ביריה,30 שניות,גליל עליון 49,,
בית א אל פוקא,דקה וחצי,שומרון 120,,
בית א רוש אל פוקא,דקה,באר שבע 285,,
בית אולא,דקה וחצי,יהודה 188,,
בית אומר,דקה וחצי,יהודה 206,,
בית אומרין,דקה וחצי,שומרון 119,,
בית אורן,דקה,כרמל 82,,
בית איבא,דקה וחצי,שומרון 120,,
בית איג'זא,דקה וחצי,שומרון 127,,
בית איכסא,דקה וחצי,ירושלים 194,,
בית איענאן,דקה וחצי,שומרון 126,,
בית אל,דקה וחצי,שומרון 126,,
בית אלעזרי,דקה,אשדוד 268,,
בית אלפא,דקה,בקעת בית שאן 128,,
בית אמין,דקה וחצי,שומרון 121,,
בית אריה,דקה וחצי,שומרון 123,,
בית ברל,דקה וחצי,עמק חפר 139,,
בית ג'מאל,דקה וחצי,בית שמש 188,,
בית ג'ן,30 שניות,גליל עליון 43,,
בית גוברין,דקה,אשדוד 282,,
בית גמליאל,דקה,אשדוד 267,,
בית דג'ן,דקה וחצי,שומרון 120,,
בית דגן,דקה וחצי,שפלה 174,,
בית דוקו,דקה וחצי,שומרון 126,,
בית הגדי,30 שניות,אשקלון 254,,
בית הלוי,דקה וחצי,עמק חפר 150,,
בית הלל,מיידי,קו העימות 26,,
בית העמק,30 שניות,גליל עליון 37,,
בית הערבה,דקה וחצי,בקעה 133,,
בית השיטה,דקה,בקעת בית שאן 128,,
בית וזן,דקה וחצי,שומרון 120,,
בית זיד,דקה,עמק יזרעאל 86,,
בית זית,דקה וחצי,בית שמש 190,,
בית זרע,דקה,תבור 98,,
בית חורון,דקה וחצי,שומרון 126,,
בית חזון,דקה וחצי,עמק חפר 137,,
בית חלקיה,דקה,אשדוד 268,,
בית חנינא,דקה וחצי,ירושלים 194,,
בית חנן,דקה וחצי,שפלה 183,,
בית חנניה,דקה וחצי,מנשה 104,,
בית חרות,דקה וחצי,שרון 137,,
בית חשמונאי,דקה וחצי,שפלה 184,,
בית יהושע,דקה וחצי,שרון 142,,
בית יוסף,דקה,בקעת בית שאן 128,,
בית ינאי,דקה וחצי,שרון 137,,
בית יצחק שער חפר,דקה וחצי,שרון 138,,
בית ירח,דקה,תבור 98,,
בית כאחיל,דקה וחצי,יהודה 206,,
בית לחם הגלילית,דקה,עמק יזרעאל 87,,
בית ליד,דקה וחצי,שומרון 120,,
בית ליקיא,דקה וחצי,שומרון 126,,
בית מאיר,דקה וחצי,בית שמש 189,,
בית מירסים,דקה,באר שבע 285,,
בית נחמיה,דקה וחצי,שפלה 173,,
בית ניר,דקה,אשדוד 282,,
בית נקופה,דקה וחצי,בית שמש 190,,
בית סוריכ,דקה וחצי,בית שמש 190,,
בית סירא,דקה וחצי,שומרון 126,,
בית סכריא,דקה וחצי,יהודה 206,,
בית ע'ור א תחתא,דקה וחצי,שומרון 126,,
בית ע'ור אל פוקא,דקה וחצי,שומרון 126,,
בית עובד,דקה וחצי,שפלה 183,,
בית עוזיאל,דקה וחצי,שפלה 184,,
בית עזרא,45 שניות,אשדוד 272,,
בית עינון,דקה וחצי,יהודה 207,,
בית עמרה,דקה וחצי,יהודה 207,,
בית עריף,דקה וחצי,שפלה 173,,
בית פג'אר,דקה וחצי,יהודה 206,,
בית פוריכ,דקה וחצי,שומרון 120,,
בית צבי,דקה,כרמל 81,,
בית קאד,דקה וחצי,שומרון 119,,
בית קמה,45 שניות,באר שבע 286,,
בית קשת,דקה,תבור 96,,
בית רבן,דקה,אשדוד 267,,
בית רחאל,דקה וחצי,יהודה 200,,
בית רימא,דקה וחצי,שומרון 124,,
בית רימון,דקה,גליל תחתון 61,,
בית שאן,דקה,בקעת בית שאן 128,,
בית שיקמה,30 שניות,אשקלון 250,,
בית שמש,דקה וחצי,בית שמש 188,,
בית שערים,דקה,עמק יזרעאל 87,,
בית תעמר,דקה וחצי,יהודה 200,,
ביתא א תחתא,דקה וחצי,שומרון 120,,
ביתוניא,דקה וחצי,שומרון 126,,
ביתילו,דקה וחצי,שומרון 126,,
ביתין,דקה וחצי,שומרון 126,,
ביתן אהרן,דקה וחצי,שרון 138,,
ביתר עילית,דקה וחצי,יהודה 206,,
בלאטה,דקה וחצי,שומרון 120,,
בלעא,דקה וחצי,שומרון 119,,
בלפוריה,דקה,תבור 95,,
בן זכאי,דקה,אשדוד 267,,
בן עמי,מיידי,קו העימות 30,,
בן שמן,דקה וחצי,שפלה 179,,
בן שמן כפר נוער,דקה וחצי,שפלה 179,,
בני ברק,דקה וחצי,דן 160,,
בני דקלים,דקה,באר שבע 285,,
בני דרום,45 שניות,אשדוד 271,,
בני דרור,דקה וחצי,עמק חפר 139,,
בני יהודה,מיידי,גולן 2,,
בני נעים,דקה וחצי,יהודה 207,,
בני נצרים,15 שניות,אשקלון 238,,
בני עטרות,דקה וחצי,שפלה 169,,
בני עי''ש,דקה,אשדוד 273,,
בני ציון,דקה וחצי,שרון 142,,
בני ראם,דקה,אשדוד 268,,
בניה,דקה,אשדוד 267,,
בנימינה גבעת עדה,דקה וחצי,מנשה 104,,
בסמ''ה,דקה וחצי,עירון 113,,
בסמת טבעון,דקה,עמק יזרעאל 86,,
בצרה,דקה וחצי,שרון 142,,
בצת,מיידי,קו העימות 14,,
בקוע,דקה וחצי,בית שמש 188,,
בקעות,דקה וחצי,בקעה 130,,
בר גיורא,דקה וחצי,בית שמש 189,,
בר יוחאי,30 שניות,גליל עליון 44,,
ברד'עה,דקה וחצי,יהודה 200,,
ברדלה,דקה וחצי,בקעה 130,,
ברוכין,דקה וחצי,שומרון 123,,
ברור חיל,15 שניות,אשקלון 251,,
ברורים,דקה,אשדוד 268,,
ברוש,30 שניות,אשקלון 255,,
ברכה,דקה וחצי,שומרון 120,,
ברכיה,30 שניות,אשקלון 248,,
ברעם,מיידי,קו העימות 22,,
ברק,דקה,עמק יזרעאל 93,,
ברקאי,דקה וחצי,עירון 112,,
ברקן,דקה וחצי,שומרון 122,,
ברקת,דקה וחצי,שפלה 173,,
בת הדר,30 שניות,אשקלון 250,,
בת חן,דקה וחצי,שרון 138,,
בת חפר,דקה וחצי,עמק חפר 150,,
בת ים,דקה וחצי,דן 162,,
בת עין,דקה וחצי,יהודה 206,,
בת שלמה,דקה וחצי,מנשה 102,,
בתיר,דקה וחצי,יהודה 206,,
ג'אלא,דקה וחצי,יהודה 206,,
ג'אלוד,דקה וחצי,שומרון 125,,
ג'אניה,דקה וחצי,שומרון 126,,
ג'בע,דקה וחצי,שומרון 119,,
ג'בע מצפון לירושלים,דקה וחצי,שומרון 126,,
ג'בעה,דקה וחצי,יהודה 206,,
ג'דידה מכר,30 שניות,גליל עליון 37,,
ג'האלין,דקה וחצי,מעלה אדומים 200,,
ג'וב א רום,דקה וחצי,יהודה 200,,
ג'ודידה,דקה וחצי,שומרון 119,,
ג'ודירה,דקה וחצי,שומרון 127,,
ג'והזם,דקה וחצי,יהודה 200,,
ג'וליס,30 שניות,גליל עליון 38,,
ג'וניד,דקה וחצי,שומרון 120,,
ג'ועארה,דקה וחצי,מנשה 103,,
ג'ורדיח,מיידי,קו העימות 15,,
ג'וריש,דקה וחצי,שומרון 125,,
ג'ורת א שמעה,דקה וחצי,יהודה 200,,
ג'יב,דקה וחצי,שומרון 127,,
ג'יביא,דקה וחצי,שומרון 124,,
ג'יוס,דקה וחצי,שומרון 120,,
ג'ילג'יליא,דקה וחצי,שומרון 124,,
ג'ינסאפוט,דקה וחצי,שומרון 121,,
ג'יש,מיידי,קו העימות 23,,
ג'ית,דקה וחצי,שומרון 120,,
ג'לבון,דקה וחצי,שומרון 119,,
ג'לג'וליה,דקה וחצי,שרון 143,,
ג'לזון,דקה וחצי,שומרון 126,,
ג'למה,דקה וחצי,שומרון 119,,
ג'לקמוס,דקה וחצי,שומרון 119,,
ג'מאלא,דקה וחצי,שומרון 126,,
ג'מאעין,דקה וחצי,שומרון 120,,
ג'נאביב,דקה וחצי,נגב 299,,
ג'נין,דקה וחצי,שומרון 119,,
ג'סר א זרקא,דקה וחצי,מנשה 104,,
ג'פנא,דקה וחצי,שומרון 126,,
ג'רבה,דקה וחצי,שומרון 119,,
ג'רון א לוז,דקה וחצי,יהודה 207,,
ג'ת,דקה וחצי,עמק חפר 149,,
גאולי תימן,דקה וחצי,שרון 137,,
גאולים,דקה וחצי,עמק חפר 139,,
גאליה,דקה,אשדוד 266,,
גבולות,30 שניות,אשקלון 257,,
גבים,15 שניות,עוטף עזה 220,,
גבע,דקה,עמק יזרעאל 93,,
גבע בנימין,דקה וחצי,בקעה 133,,
גבע כרמל,דקה,כרמל 81,,
גבעולים,30 שניות,אשקלון 255,,
גבעון החדשה,דקה וחצי,שומרון 127,,
גבעות בר,45 שניות,באר שבע 286,,
גבעות עדן,דקה וחצי,בית שמש 188,,
גבעת אבני,דקה,תבור 98,,
גבעת אלה,דקה,עמק יזרעאל 87,,
גבעת אסף,דקה וחצי,שומרון 126,,
גבעת ברנר,דקה וחצי,שפלה 182,,
גבעת השלושה,דקה וחצי,שפלה 168,,
גבעת וולפסון,דקה,כרמל 82,,
גבעת זאב,דקה וחצי,שומרון 127,,
גבעת ח''ן,דקה וחצי,שרון 140,,
גבעת חביבה,דקה וחצי,מנשה 108,,
גבעת חיים איחוד,דקה וחצי,עמק חפר 137,,
גבעת חיים מאוחד,דקה וחצי,עמק חפר 137,,
גבעת יואב,מיידי,גולן 2,,
גבעת יערים,דקה וחצי,בית שמש 189,,
גבעת ישעיהו,דקה,אשדוד 278,,
גבעת כ''ח,דקה וחצי,שפלה 169,,
גבעת ניל''י,דקה וחצי,מנשה 104,,
גבעת סנה יעקב,דקה וחצי,שומרון 120,,
גבעת עוז,דקה וחצי,עירון 113,,
גבעת שמואל,דקה וחצי,דן 160,,
גבעת שמש,דקה וחצי,בית שמש 188,,
גבעת שפירא,דקה וחצי,שרון 138,,
גבעתי,45 שניות,אשדוד 272,,
גבעתיים,דקה וחצי,דן 160,,
גברעם,15 שניות,עוטף עזה 251,,
גבת,דקה,עמק יזרעאל 87,,
גדות,30 שניות,גליל עליון 47,,
גדיש,דקה,עמק יזרעאל 93,,
גדעונה,דקה,עמק יזרעאל 93,,
גדרה,דקה,אשדוד 268,,
גונן,מיידי,קו העימות 25,,
גורן,מיידי,קו העימות 15,,
גורנות הגליל,מיידי,קו העימות 15,,
גזית,דקה,תבור 96,,
גזר,דקה וחצי,שפלה 184,,
גיאה,15 שניות,אשקלון 250,,
גיבתון,דקה וחצי,שפלה 182,,
גיזו,דקה וחצי,בית שמש 188,,
גילון,30 שניות,גליל עליון 42,,
גילת,45 שניות,באר שבע 289,,
גינוסר,דקה,גליל תחתון 55  ,,
גיניגר,דקה,עמק יזרעאל 87,,
גינתון,דקה וחצי,שפלה 179,,
גיתה,30 שניות,גליל עליון 38,,
גיתית,דקה וחצי,בקעה 131,,
גלאון,45 שניות,אשדוד 282,,
גלגל,דקה וחצי,בקעה 132,,
גליל ים,דקה וחצי,דן 155,,
גלעד,דקה וחצי,מנשה 103,,
גמזו,דקה וחצי,שפלה 181,,
גן הדרום,45 שניות,אשדוד 273,,
גן השומרון,דקה וחצי,מנשה 106,,
גן חיים,דקה וחצי,שרון 141,,
גן יאשיה,דקה וחצי,עמק חפר 150,,
גן יבנה,45 שניות,אשדוד 273,,
גן נר,דקה,עמק יזרעאל 93,,
גן שורק,דקה וחצי,שפלה 175,,
גן שלמה,דקה וחצי,שפלה 182,,
גן שמואל,דקה וחצי,מנשה 108,,
גנות,דקה וחצי,שפלה 174,,
גנות הדר,דקה וחצי,שרון 138,,
גני הדר,דקה וחצי,שפלה 184,,
גני טל,דקה,אשדוד 268,,
גני יוחנן,דקה וחצי,שפלה 184,,
גני עם,דקה וחצי,שרון 143,,
גני תקווה,דקה וחצי,דן 161,,
געש,דקה וחצי,שרון 142,,
געתון,מיידי,קו העימות 31,,
גפן,דקה,אשדוד 278,,
גרופית,3 דקות,ערבה 310,,
גשור,מיידי,גולן 2,,
גשר,דקה,בקעת בית שאן 128,,
גשר הזיו,מיידי,קו העימות 29,,
גת,45 שניות,אשדוד 281,,
גת רימון,דקה וחצי,שפלה 168,,
ד'הר אל עבד,דקה וחצי,עירון 112,,
ד'הר חלת אל ג'אמיע,דקה וחצי,יהודה 200,,
דאלית אל כרמל,דקה,כרמל 82,,
דאר אל חנון,דקה וחצי,עירון 112,,
דבורה,דקה,עמק יזרעאל 93,,
דבוריה,דקה,תבור 96,,
דבירה,45 שניות,באר שבע 286,,
דברת,דקה,עמק יזרעאל 90,,
דגניה א',דקה,תבור 98,,
דגניה ב',דקה,תבור 98,,
דהיישה מחנה פליטים,דקה וחצי,יהודה 200,,
דהרייה,דקה וחצי,יהודה 207,,
דוב''ב,מיידי,קו העימות 19,,
דולב,דקה וחצי,שומרון 126,,
דומא,דקה וחצי,בקעה 132,,
דומא במרכז שומרון,דקה וחצי,יהודה 207,,
דור,דקה וחצי,מנשה 102,,
דורא,דקה וחצי,יהודה 207,,
דורא אל קריע,דקה וחצי,שומרון 126,,
דורות,15 שניות,אשקלון 252,,
דחי,דקה,עמק יזרעאל 90,,
דייר אל אסד,30 שניות,גליל עליון 42,,
דייר חנא,דקה,גליל תחתון 60,,
דייר ראפאת,דקה וחצי,בית שמש 188,,
דימונה,דקה וחצי,נגב 301,,
דיר א סודאן,דקה וחצי,שומרון 124,,
דיר אבו דעיף,דקה וחצי,שומרון 119,,
דיר אבו משעל,דקה וחצי,שומרון 124,,
דיר איבזיע,דקה וחצי,שומרון 126,,
דיר איסתיא,דקה וחצי,שומרון 121,,
דיר אל חטב,דקה וחצי,שומרון 120,,
דיר אל ע'וסון,דקה וחצי,שומרון 119,,
דיר בלוט,דקה וחצי,שומרון 123,,
דיר ג'ריר,דקה וחצי,שומרון 125,,
דיר דיבוואן,דקה וחצי,שומרון 125,,
דיר כרמיזן,דקה וחצי,ירושלים 194,,
דיר ניזאם,דקה וחצי,שומרון 124,,
דיר סאמת,דקה וחצי,יהודה 207,,
דיר ע'זאלה,דקה וחצי,שומרון 119,,
דיר ע'סאנה,דקה וחצי,שומרון 124,,
דיר עמאר,דקה וחצי,שומרון 126,,
דיר קדיס,דקה וחצי,שומרון 126,,
דיר ראזח,דקה וחצי,יהודה 207,,
דיר שרף,דקה וחצי,שומרון 120,,
דישון,מיידי,קו העימות 24,,
דליה,דקה וחצי,מנשה 103,,
דלתון,מיידי,קו העימות 23,,
דמיידה,דקה,גליל תחתון 63  ,,
דן,מיידי,קו העימות 28,,
דנאבה,דקה וחצי,שומרון 119,,
דפנה,מיידי,קו העימות 28,,
דקל,15 שניות,עוטף עזה 238,,
דריג'את,דקה וחצי,נגב 299,,
האון,15 שניות,קצרין 10,,
האשימיה,דקה וחצי,שומרון 118,,
הבונים,דקה וחצי,מנשה 102,,
הגושרים,מיידי,קו העימות 28,,
הדר עם,דקה וחצי,שרון 138,,
הוד השרון,דקה וחצי,שרון 143,,
הודיה,30 שניות,אשקלון 248,,
הודיות ,דקה,תבור 98,,
הוואשלה,דקה וחצי,נגב 301,,
הוזייל,45 שניות,באר שבע 286,,
הושעיה,דקה,תבור 95,,
הזורע,דקה וחצי,מנשה 103,,
הזורעים,דקה,תבור 98,,
החותרים,דקה,חיפה 75,,
היוגב,דקה,עמק יזרעאל 89,,
הילה,מיידי,קו העימות 32,,
הכפר הירוק,דקה וחצי,דן 155,,
המעפיל,דקה וחצי,עמק חפר 149,,
הסוללים,דקה,תבור 95,,
העוגן,דקה וחצי,עמק חפר 150,,
הר אדר,דקה וחצי,בית שמש 190,,
הר גילה,דקה וחצי,יהודה 206,,
הר גריזים,דקה וחצי,שומרון 120,,
הר עמשא,דקה וחצי,יהודה 207,,
הראל,דקה וחצי,בית שמש 188,,
הרדוף,דקה,גליל תחתון 63  ,,
הרצליה,דקה וחצי,דן 155,,
הררית,דקה,גליל תחתון 60,,
ואדי א דבע,דקה וחצי,שומרון 119,,
ואדי אל עראיס,דקה וחצי,יהודה 200,,
ואדי פוכין,דקה וחצי,יהודה 206,,
ואדיח,דקה וחצי,יהודה 207,,
ורד הגליל,30 שניות,גליל עליון 50,,
ורד יריחו,דקה וחצי,בקעה 133,,
ורדון,45 שניות,אשדוד 280,,
ורדים מוסד חינוכי,דקה וחצי,שרון 142,,
זאוויה,דקה וחצי,שומרון 123,,
זאוויה בצפון שומרון,דקה וחצי,שומרון 119,,
זבאבידה,דקה וחצי,שומרון 119,,
זבארגה,דקה וחצי,נגב 299,,
זבדיאל,45 שניות,אשדוד 280,,
זובובא,דקה וחצי,שומרון 118,,
זובידאת,דקה וחצי,בקעה 130,,
זוהר,30 שניות,אשקלון 249,,
זוואתא,דקה וחצי,שומרון 120,,
זיבדה,דקה וחצי,שומרון 118,,
זיף,דקה וחצי,יהודה 207,,
זיקים,15 שניות,עוטף עזה 217,,
זיתא,דקה וחצי,שומרון 120,,
זיתא ליד באקה אל ע'רביה,דקה וחצי,עמק חפר 149,,
זיתן,דקה וחצי,שפלה 174,,
זכרון יעקב,דקה וחצי,מנשה 102,,
זכריה,דקה,אשדוד 278,,
זמר,דקה וחצי,עמק חפר 149,,
זמרת,15 שניות,עוטף עזה 225,,
זנוח,דקה וחצי,בית שמש 188,,
זעתרה,דקה וחצי,יהודה 200,,
זרועה,15 שניות,אשקלון 253,,
זרחיה,45 שניות,אשדוד 280,,
זרעית,מיידי,קו העימות 16,,
ח'ואלד,דקה,גליל תחתון 63  ,,
ח'וארה,דקה וחצי,שומרון 120,,
ח'ירבת א טורם,דקה וחצי,שומרון 118,,
ח'ירבת א טייבה,דקה וחצי,שומרון 118,,
ח'ירבת א טירה,דקה וחצי,שומרון 126,,
ח'ירבת א נבי אליאס,דקה וחצי,שומרון 121,,
ח'ירבת אבו פלאח,דקה וחצי,שומרון 125,,
ח'ירבת אל אשקר,דקה וחצי,שומרון 121,,
ח'ירבת אל מיסבאח,דקה וחצי,שומרון 126,,
ח'ירבת אל עכאבה,דקה וחצי,עירון 112,,
ח'ירבת אל עקרבאניה,דקה וחצי,שומרון 119,,
ח'ירבת בית חסן,דקה וחצי,שומרון 119,,
ח'ירבת זיתא,דקה וחצי,יהודה 207,,
ח'ירבת כרמה,דקה וחצי,יהודה 207,,
ח'ירבת מועאוויה,דקה וחצי,עירון 113,,
ח'ירבת סיר,דקה וחצי,שומרון 120,,
ח'ירבת ספא,דקה וחצי,יהודה 206,,
ח'ירבת עסלה,דקה וחצי,שומרון 121,,
ח'ירבת קיס,דקה וחצי,שומרון 124,,
ח'ירבת ראס א טירה,דקה וחצי,שומרון 121,,
ח'ירבת ראס עטיה,דקה וחצי,שומרון 121,,
ח'ירבתא,דקה וחצי,שומרון 126,,
ח'לת אל פולה,דקה וחצי,בקעה 130,,
ח'ראס,דקה וחצי,יהודה 188,,
ח'רזאן,דקה וחצי,יהודה 200,,
ח'רסה,דקה וחצי,יהודה 207,,
ח'שם אל כרם,דקה וחצי,יהודה 207,,
חארס,דקה וחצי,שומרון 122,,
חבלה,דקה וחצי,שרון 143,,
חבצלת השרון,דקה וחצי,שרון 138,,
חבר,דקה,עמק יזרעאל 93,,
חברון,דקה וחצי,יהודה 207,,
חג'ה,דקה וחצי,שומרון 120,,
חגור,דקה וחצי,שרון 143,,
חגי,דקה וחצי,יהודה 207,,
חגלה,דקה וחצי,עמק חפר 137,,
חד נס,15 שניות,קצרין 7,,
חדיד,דקה וחצי,שפלה 173,,
חדרה,דקה וחצי,מנשה 107,,
חוג'ייראת,דקה,גליל תחתון 60,,
חוג'ילה,דקה וחצי,יהודה 200,,
חוות גלעד,דקה וחצי,שומרון 120,,
חוות דושן,דקה,בקעת בית שאן 128,,
חוות יזרעם,15 שניות,עוטף עזה 225,,
חוות עדן,דקה,בקעת בית שאן 128,,
חוות שיקמים,30 שניות,אשקלון 252,,
חוות שלם,דקה וחצי,דן 160,,
חוות שפעה,דקה,בקעת בית שאן 128,,
חולדה,דקה וחצי,שפלה 184,,
חולון,דקה וחצי,דן 162,,
חולית,15 שניות,עוטף עזה 236,,
חולתה,30 שניות,גליל עליון 47,,
חוסאן,דקה וחצי,יהודה 206,,
חוסן,מיידי,קו העימות 32,,
חוסנייה,דקה,גליל תחתון 60,,
חופית,דקה וחצי,שרון 137,,
חוקוק,דקה,גליל תחתון 55  ,,
חורה,דקה וחצי,נגב 296,,
חורפיש,מיידי,קו העימות 20,,
חורשים,דקה וחצי,שרון 143,,
חזון,דקה,גליל תחתון 60,,
חיבת ציון,דקה וחצי,עמק חפר 137,,
חיזמא,דקה וחצי,ירושלים 194,,
חיננית,דקה וחצי,שומרון 118,,
חיפה,דקה,חיפה 75,,
חלוץ,30 שניות,גליל עליון 43,,
חלחול,דקה וחצי,יהודה 206,,
חלמיש,דקה וחצי,שומרון 124,,
חלץ,15 שניות,אשקלון 251,,
חמאם,דקה,גליל תחתון 55  ,,
חמד,דקה וחצי,שפלה 174,,
חמדיה,דקה,בקעת בית שאן 128,,
חמדת,דקה וחצי,בקעה 130,,
חמדת ימים,30 שניות,גליל עליון 44,,
חמרה,דקה וחצי,בקעה 130,,
חמת גדר,מיידי,גולן 2,,
חניאל,דקה וחצי,עמק חפר 150,,
חניתה,מיידי,קו העימות 15,,
חנתון,דקה,גליל תחתון 63  ,,
חסכה,דקה וחצי,יהודה 206,,
חספין,מיידי,גולן 2,,
חפץ חיים,דקה,אשדוד 268,,
חפצי בה,דקה,בקעת בית שאן 128,,
חצב,דקה,אשדוד 273,,
חצבה,3 דקות,ערבה 310,,
חצור אשדוד,45 שניות,אשדוד 273,,
חצור הגלילית,30 שניות,גליל עליון 50,,
חצרים,דקה,באר שבע 291,,
חרב לאת,דקה וחצי,עמק חפר 137,,
חרוצים,דקה וחצי,שרון 142,,
חרות,דקה וחצי,עמק חפר 139,,
חרמלה,דקה וחצי,יהודה 200,,
חרמש,דקה וחצי,שומרון 118,,
חרשים,30 שניות,גליל עליון 43,,
חשמונאים,דקה וחצי,שפלה 181,,
טבריה,דקה,גליל תחתון 56  ,,
טובא זנגריה,30 שניות,גליל עליון 50,,
טובאס,דקה וחצי,שומרון 119,,
טול כרם,דקה וחצי,שומרון 119,,
טורה על ע'רביה,דקה וחצי,שומרון 118,,
טורעאן,דקה,תבור 96,,
טייבה,דקה וחצי,עמק חפר 139,,
טייבה ליד מולדת,דקה,עמק יזרעאל 93,,
טייבה ליד עפרה,דקה וחצי,שומרון 125,,
טירה,דקה וחצי,עמק חפר 139,,
טירה ליד בית חורון,דקה וחצי,שומרון 126,,
טירת יהודה,דקה וחצי,שפלה 173,,
טירת כרמל,דקה,חיפה 75,,
טירת צבי,דקה,בקעת בית שאן 128,,
טל אל,30 שניות,גליל עליון 38,,
טל שחר,דקה וחצי,בית שמש 188,,
טלוזה,דקה וחצי,שומרון 119,,
טללים,דקה וחצי,נגב 302,,
טלמון,דקה וחצי,שומרון 126,,
טמון,דקה וחצי,שומרון 119,,
טמרה,דקה,גליל תחתון 63  ,,
טמרה יזרעאל,דקה,עמק יזרעאל 90,,
טנא,דקה וחצי,יהודה 207,,
טפחות,דקה,גליל תחתון 57,,
יאמון,דקה וחצי,שומרון 118,,
יאנוח ג'ת,30 שניות,גליל עליון 41,,
יאנון,דקה וחצי,שומרון 120,,
יאסוף,דקה וחצי,שומרון 124,,
יאסיד,דקה וחצי,שומרון 119,,
יבול,15 שניות,עוטף עזה 238,,
יבור,דקה,גליל תחתון 63  ,,
יבנאל,דקה,תבור 98,,
יבנה,דקה,אשדוד 266,,
יברוד,דקה וחצי,שומרון 126,,
יגור,דקה,הקריות 71,,
יגל,דקה וחצי,שפלה 174,,
יד בנימין,דקה,אשדוד 268,,
יד השמונה,דקה וחצי,בית שמש 189,,
יד חנה,דקה וחצי,עמק חפר 150,,
יד מרדכי,15 שניות,עוטף עזה 218,,
יד נתן,30 שניות,אשקלון 249,,
יד רמב''ם,דקה וחצי,שפלה 184,,
ידידה,דקה וחצי,בית שמש 189,,
יהוד מונוסון,דקה וחצי,דן 161,,
יהל,3 דקות,ערבה 310,,
יובל,מיידי,קו העימות 26,,
יובלים,דקה,גליל תחתון 63  ,,
יודפת,דקה,גליל תחתון 63  ,,
יונתן,מיידי,גולן 3,,
יוקנעם,דקה וחצי,מנשה 103,,
יוקנעם עילית,דקה וחצי,מנשה 103,,
יושיביה,15 שניות,אשקלון 253,,
יזרעאל,דקה,עמק יזרעאל 93,,
יחד,דקה,גליל תחתון 60,,
יחיעם,מיידי,קו העימות 31,,
יטא יוטה,דקה וחצי,יהודה 207,,
יטבתה,3 דקות,ערבה 310,,
ייט''ב,דקה וחצי,בקעה 132,,
יכיני,15 שניות,עוטף עזה 222,,
ים המלח בתי מלון,דקה וחצי,ים המלח 207 ,,
ימין אורד,דקה,כרמל 81,,
ינוב,דקה וחצי,עמק חפר 150,,
ינון,דקה,אשדוד 275,,
יסוד המעלה,30 שניות,גליל עליון 47,,
יסודות,דקה וחצי,שפלה 184,,
יסעור,דקה,גליל תחתון 63  ,,
יעבד,דקה וחצי,שומרון 118,,
יעד,דקה,גליל תחתון 63  ,,
יעל,דקה,עמק יזרעאל 93,,
יעף,דקה וחצי,עמק חפר 139,,
יערה,מיידי,קו העימות 15,,
יפיע,דקה,תבור 95,,
יפית,דקה וחצי,בקעה 131,,
יפעת,דקה,עמק יזרעאל 87,,
יפתח,מיידי,קו העימות 24,,
יצהר,דקה וחצי,שומרון 120,,
יציץ,דקה וחצי,שפלה 184,,
יקום,דקה וחצי,שרון 142,,
יקיר,דקה וחצי,שומרון 121,,
יראון,מיידי,קו העימות 22,,
ירדנה,דקה,בקעת בית שאן 128,,
ירוחם,דקה וחצי,נגב 301,,
ירושלים,דקה וחצי,ירושלים 194,,
ירושלים,דקה וחצי,ירושלים 194,,
ירחיב,דקה וחצי,שרון 143,,
יריחו,דקה וחצי,בקעה 133,,
ירכא,30 שניות,גליל עליון 38,,
ירקונה,דקה וחצי,שרון 143,,
ישע,15 שניות,עוטף עזה 234,,
ישעי,דקה וחצי,בית שמש 188,,
ישרש,דקה וחצי,שפלה 178,,
יתד,15 שניות,עוטף עזה 238,,
יתמא,דקה וחצי,שומרון 125,,
כאבול,דקה,גליל תחתון 63  ,,
כאוכב אבו אל היגא,דקה,גליל תחתון 63  ,,
כברי,מיידי,קו העימות 30,,
כדורי,דקה,תבור 96,,
כובר,דקה וחצי,שומרון 124,,
כוויזבא,דקה וחצי,יהודה 206,,
כוחלה,דקה וחצי,נגב 299,,
כוכב השחר,דקה וחצי,בקעה 133,,
כוכב יאיר,דקה וחצי,עמק חפר 139,,
כוכב יעקב,דקה וחצי,שומרון 126,,
כוכב מיכאל,30 שניות,אשקלון 249,,
כופיר,דקה וחצי,שומרון 119,,
כופיראת,דקה וחצי,שומרון 118,,
כור,דקה וחצי,שומרון 120,,
כורזים,30 שניות,גליל עליון 50,,
כחל,דקה,גליל תחתון 55  ,,
כינרת מושבה,דקה,תבור 98,,
כינרת קבוצה,דקה,תבור 98,,
כיסופים,15 שניות,עוטף עזה 230,,
כיסרא סומיע,30 שניות,גליל עליון 41,,
כיפל חארת,דקה וחצי,שומרון 122,,
כישור,30 שניות,גליל עליון 40,,
כליל,30 שניות,גליל עליון 38,,
כלנית,דקה,גליל תחתון 57,,
כמאנה,דקה,גליל תחתון 60,,
כמהין,דקה,נגב 302,,
כמון,דקה,גליל תחתון 60,,
כנות,דקה,אשדוד 273,,
כנף,15 שניות,קצרין 7,,
כסיפה,דקה וחצי,נגב 299,,
כסלון,דקה וחצי,בית שמש 189,,
כעאבנה,דקה וחצי,יהודה 207,,
כעביה טבאש חג'אג'רה,דקה,עמק יזרעאל 87,,
כפר א דיכ,דקה וחצי,שומרון 124,,
כפר א לבד,דקה וחצי,שומרון 119,,
כפר אביב,דקה,אשדוד 267,,
כפר אדומים,דקה וחצי,בקעה 133,,
כפר אוריה,דקה וחצי,בית שמש 188,,
כפר אז''ר,דקה וחצי,דן 161,,
כפר אחים,45 שניות,אשדוד 275,,
כפר אלדד,דקה וחצי,יהודה 200,,
כפר ביאליק,דקה,הקריות 70,,
כפר ביל''ו,דקה וחצי,שפלה 184,,
כפר בלום,מיידי,קו העימות 25,,
כפר בן נון,דקה וחצי,שפלה 184,,
כפר ברא,דקה וחצי,שרון 143,,
כפר ברוך,דקה,עמק יזרעאל 89,,
כפר ג'מאל,דקה וחצי,שומרון 120,,
כפר גדעון,דקה,תבור 95,,
כפר גלים,דקה,חיפה 75,,
כפר גליקסון,דקה וחצי,מנשה 104,,
כפר גלעדי,מיידי,קו העימות 26,,
כפר דאן,דקה וחצי,שומרון 118,,
כפר דניאל,דקה וחצי,שפלה 181,,
כפר הארנים,דקה וחצי,שפלה 181,,
כפר החורש,דקה,תבור 95,,
כפר המכבי,דקה,הקריות 71,,
כפר הנגיד,דקה,אשדוד 266,,
כפר הנוער הדתי,דקה,הקריות 71,,
כפר הנשיא,30 שניות,גליל עליון 50,,
כפר הס,דקה וחצי,עמק חפר 139,,
כפר הרא''ה,דקה וחצי,עמק חפר 137,,
כפר הרי''ף,דקה,אשדוד 275,,
כפר ויתקין,דקה וחצי,שרון 137,,
כפר ורבורג,45 שניות,אשדוד 275,,
כפר ורדים,מיידי,קו העימות 32,,
כפר זוהרים,דקה,אשדוד 278,,
כפר זיבאד,דקה וחצי,שומרון 120,,
כפר זיתים,דקה,גליל תחתון 55  ,,
כפר חב''ד,דקה וחצי,שפלה 174,,
כפר חיטים,דקה,גליל תחתון 55  ,,
כפר חיים,דקה וחצי,שרון 138,,
כפר חנניה,דקה,גליל תחתון 57,,
כפר חסידים א',דקה,הקריות 71,,
כפר חסידים ב',דקה,הקריות 71,,
כפר חרוב,מיידי,גולן 2,,
כפר טרומן,דקה וחצי,שפלה 174,,
כפר יאסיף,30 שניות,גליל עליון 38,,
כפר ידידיה,דקה וחצי,שרון 138,,
כפר יהושע,דקה,עמק יזרעאל 87,,
כפר יונה,דקה וחצי,עמק חפר 150,,
כפר יחזקאל,דקה,עמק יזרעאל 93,,
כפר יעבץ,דקה וחצי,עמק חפר 139,,
כפר כמא,דקה,תבור 98,,
כפר כנא,דקה,תבור 95,,
כפר לאקף,דקה וחצי,שומרון 121,,
כפר מאליכ,דקה וחצי,שומרון 125,,
כפר מונש,דקה וחצי,עמק חפר 150,,
כפר מימון,15 שניות,עוטף עזה 225,,
כפר מיסר,דקה,תבור 96,,
כפר מל''ל,דקה וחצי,שרון 143,,
כפר מנדא,דקה,גליל תחתון 63  ,,
כפר מנחם,דקה,אשדוד 275,,
כפר מסריק,30 שניות,גליל עליון 37,,
כפר מרדכי,דקה,אשדוד 267,,
כפר נהר הירדן,דקה,תבור 98,,
כפר נוער עדנים,45 שניות,באר שבע 286,,
כפר נחום,30 שניות,גליל עליון 50,,
כפר נטר,דקה וחצי,שרון 142,,
כפר ניעמה,דקה וחצי,שומרון 126,,
כפר סאלד,מיידי,קו העימות 25,,
כפר סבא,דקה וחצי,שרון 141,,
כפר סור,דקה וחצי,שומרון 120,,
כפר סילבר,30 שניות,אשקלון 248,,
כפר סירקין,דקה וחצי,שפלה 168,,
כפר עבודה,דקה וחצי,עמק חפר 139,,
כפר עבוש,דקה וחצי,שומרון 120,,
כפר עזה,15 שניות,עוטף עזה 223,,
כפר עין,דקה וחצי,שומרון 124,,
כפר עציון,דקה וחצי,יהודה 206,,
כפר עקב,דקה וחצי,שומרון 126,,
כפר פינס,דקה וחצי,מנשה 106,,
כפר קאסם,דקה וחצי,שרון 143,,
כפר קדום,דקה וחצי,שומרון 120,,
כפר קוד,דקה וחצי,שומרון 118,,
כפר קיש,דקה,תבור 96,,
כפר קליל,דקה וחצי,שומרון 120,,
כפר קרע,דקה וחצי,עירון 112,,
כפר ראעי,דקה וחצי,שומרון 119,,
כפר ראש הנקרה,מיידי,קו העימות 14,,
כפר רומאן,דקה וחצי,שומרון 119,,
כפר רופין,דקה,בקעת בית שאן 128,,
כפר רות,דקה וחצי,שפלה 181,,
כפר שמאי,30 שניות,גליל עליון 44,,
כפר שמואל,דקה וחצי,שפלה 184,,
כפר שמריהו,דקה וחצי,דן 155,,
כפר ת'ולת,דקה וחצי,שומרון 121,,
כפר תבור,דקה,תבור 96,,
כפר תפוח,דקה וחצי,שומרון 124,,
כפר תקווה,דקה,עמק יזרעאל 86,,
כרזה,דקה וחצי,יהודה 207,,
כרי דשא,30 שניות,גליל עליון 50,,
כרכום,30 שניות,גליל עליון 50,,
כרם בן זמרה,מיידי,קו העימות 23,,
כרם בן שמן,דקה וחצי,שפלה 179,,
כרם יבנה,דקה,אשדוד 267,,
כרם מהר''ל,דקה וחצי,מנשה 102,,
כרם עמי,דקה,באר שבע 285,,
כרם שלום,15 שניות,עוטף עזה 237,,
כרמי יוסף,דקה וחצי,שפלה 184,,
כרמי צור,דקה וחצי,יהודה 206,,
כרמי קטיף,דקה,באר שבע 285,,
כרמיאל,30 שניות,גליל עליון 42,,
כרמיה,15 שניות,עוטף עזה 217,,
כרמיל,דקה וחצי,יהודה 207,,
כרמים,דקה וחצי,נגב 296,,
כרמית,דקה וחצי,נגב 296,,
כרמל,דקה וחצי,יהודה 207,,
כשדה,דקה וחצי,שומרון 119,,
לב יתיר,דקה וחצי,יהודה 207,,
לבון,30 שניות,גליל עליון 42,,
לביא,דקה,תבור 98,,
לבנים,דקה,גליל תחתון 55  ,,
להב,דקה,באר שבע 286,,
להבות הבשן,מיידי,קו העימות 25,,
להבות חביבה,דקה וחצי,עמק חפר 149,,
להבים,45 שניות,באר שבע 286,,
לובאן שרקיה,דקה וחצי,שומרון 124,,
לוד,דקה וחצי,שפלה 179,,
לוזית,דקה,אשדוד 278,,
לוחמי הגיטאות,30 שניות,גליל עליון 35,,
לוטם,דקה,גליל תחתון 60,,
לוטן,3 דקות,ערבה 310,,
לימן,מיידי,קו העימות 14,,
לכיש,45 שניות,אשדוד 282,,
לפיד,דקה וחצי,שפלה 181,,
לפידות,30 שניות,גליל עליון 38,,
לקיה,דקה וחצי,נגב 287,,
מאור,דקה וחצי,מנשה 108,,
מאיר שפיה,דקה וחצי,מנשה 102,,
מבוא ביתר,דקה וחצי,בית שמש 191,,
מבוא דותן,דקה וחצי,שומרון 118,,
מבוא חורון,דקה וחצי,שפלה 181,,
מבוא חמה,מיידי,גולן 2,,
מבוא מודיעים,דקה וחצי,שפלה 181,,
מבואות ים,דקה וחצי,שרון 137,,
מבואות יריחו,דקה וחצי,בקעה 133,,
מבועים,30 שניות,אשקלון 253,,
מבחור,45 שניות,אשדוד 281,,
מבטחים,15 שניות,עוטף עזה 234,,
מבקיעים,15 שניות,אשקלון 250,,
מבשרת ציון,דקה וחצי,בית שמש 190,,
מג'ד,דקה וחצי,יהודה 207,,
מג'ד אל כרום,30 שניות,גליל עליון 42,,
מג'דל,דקה וחצי,שומרון 120,,
מג'דל שמס,מיידי,גולן 1,,
מגאר,דקה,גליל תחתון 57,,
מגדים,דקה,כרמל 81,,
מגדל,דקה,גליל תחתון 55  ,,
מגדל העמק,דקה,עמק יזרעאל 87,,
מגדל עוז,דקה וחצי,יהודה 206,,
מגדל תפן,30 שניות,גליל עליון 41,,
מגדלים,דקה וחצי,שומרון 125,,
מגידו,דקה וחצי,מנשה 103,,
מגל,דקה וחצי,עמק חפר 149,,
מגן,15 שניות,עוטף עזה 233,,
מגן שאול,דקה,עמק יזרעאל 93,,
מגשימים,דקה וחצי,שפלה 169,,
מדמא,דקה וחצי,שומרון 120,,
מדרך עוז,דקה וחצי,מנשה 103,,
מדרשת בן גוריון,דקה וחצי,נגב 305,,
מודיעין מכבים רעות,דקה וחצי,שפלה 181,,
מודיעין עילית,דקה וחצי,שפלה 181,,
מוח'יים פארעה,דקה וחצי,שומרון 119,,
מוח'מאס,דקה וחצי,שומרון 125,,
מולדה,דקה וחצי,נגב 296,,
מולדת,דקה,בקעת בית שאן 128,,
מוע'ייר,דקה וחצי,בקעה 132,,
מועסכר אל ערוב,דקה וחצי,יהודה 206,,
מועצה אזורית אשכול,15 שניות,עוטף עזה 233,,
מוצא עילית,דקה וחצי,בית שמש 190,,
מוקייבלה,דקה,עמק יזרעאל 93,,
מורן,דקה,גליל תחתון 60,,
מורשת,דקה,גליל תחתון 63  ,,
מזאריע א נובאני,דקה וחצי,שומרון 124,,
מזור,דקה וחצי,שפלה 169,,
מזכרת בתיה,דקה וחצי,שפלה 184,,
מזרע,דקה,תבור 95,,
מזרעה,30 שניות,גליל עליון 35,,
מזרעה א שרקיה,דקה וחצי,שומרון 125,,
מזרעה אל קיבליה,דקה וחצי,שומרון 126,,
מחולה,דקה וחצי,בקעה 130,,
מחנה נחשונים,דקה וחצי,שפלה 171,,
מחניים,30 שניות,גליל עליון 50,,
מחסיה,דקה וחצי,בית שמש 188,,
מטולה,מיידי,קו העימות 26,,
מטע,דקה וחצי,בית שמש 189,,
מי עמי,דקה וחצי,עירון 113,,
מידיה,דקה וחצי,שפלה 181,,
מיטב,דקה,עמק יזרעאל 93,,
מייסר,דקה וחצי,עמק חפר 149,,
מיניה,דקה וחצי,יהודה 200,,
מיצר,מיידי,גולן 2,,
מירב,דקה,בקעת בית שאן 128,,
מירון,30 שניות,גליל עליון 44,,
מירכה,דקה וחצי,שומרון 119,,
מישר,דקה,אשדוד 267,,
מית'לון,דקה וחצי,שומרון 119,,
מיתר,דקה וחצי,נגב 296,,
מכורה,דקה וחצי,בקעה 130,,
מכחול,דקה וחצי,נגב 299,,
מכללת ספיר,15 שניות,עוטף עזה 220,,
מכמורת,דקה וחצי,שרון 137,,
מכמנים,דקה,גליל תחתון 60,,
מלאה,דקה,עמק יזרעאל 93,,
מלילות,30 שניות,אשקלון 255,,
מלכיה,מיידי,קו העימות 24,,
מלכישוע,דקה,בקעת בית שאן 128,,
מנוחה,45 שניות,אשדוד 280,,
מנוף,דקה,גליל תחתון 63  ,,
מנות,מיידי,קו העימות 31,,
מנזר לטרון,דקה וחצי,בית שמש 188,,
מנחמיה,דקה,תבור 98,,
מנסורה,דקה וחצי,עירון 112,,
מנרה,מיידי,קו העימות 26,,
מנשיה,דקה וחצי,שומרון 118,,
מנשית זבדה,דקה,עמק יזרעאל 87,,
מסד,דקה,גליל תחתון 57,,
מסדה,15 שניות,קצרין 10,,
מסחה,דקה וחצי,שומרון 121,,
מסילות,דקה,בקעת בית שאן 128,,
מסיליה,דקה וחצי,שומרון 119,,
מסילת ציון,דקה וחצי,בית שמש 188,,
מסלול,30 שניות,באר שבע 288,,
מסעדה,מיידי,גולן 1,,
מסעודין אל עזאזמה,דקה,באר שבע 292,,
מעברות,דקה וחצי,שרון 138,,
מעגלים,30 שניות,אשקלון 255,,
מעגן,15 שניות,קצרין 10,,
מעגן מיכאל,דקה וחצי,מנשה 104,,
מעוז חיים,דקה,בקעת בית שאן 128,,
מעון,דקה וחצי,יהודה 207,,
מעונה,מיידי,קו העימות 32,,
מעיין ברוך,מיידי,קו העימות 26,,
מעיין צבי,דקה וחצי,מנשה 102,,
מעיליא,מיידי,קו העימות 32,,
מעין,דקה וחצי,יהודה 207,,
מעלה אדומים,דקה וחצי,מעלה אדומים 200,,
מעלה אפרים,דקה וחצי,בקעה 132,,
מעלה גלבוע,דקה,בקעת בית שאן 128,,
מעלה גמלא,15 שניות,קצרין 7,,
מעלה החמישה,דקה וחצי,בית שמש 190,,
מעלה לבונה,דקה וחצי,שומרון 124,,
מעלה מכמש,דקה וחצי,בקעה 133,,
מעלה עירון,דקה וחצי,עירון 113,,
מעלה עמוס,דקה וחצי,יהודה 200,,
מעלה שביט,דקה וחצי,נגב 302,,
מעלה שומרון,דקה וחצי,שומרון 121,,
מעלות תרשיחא,מיידי,קו העימות 32,,
מענית,דקה וחצי,מנשה 108,,
מעסרה,דקה וחצי,יהודה 200,,
מעש,דקה וחצי,דן 161,,
מפלסים,15 שניות,עוטף עזה 221,,
מפעלי אבשלום,45 שניות,באר שבע 286,,
מפעלי גלבוע,דקה,עמק יזרעאל 90,,
מפעלי מעון,15 שניות,עוטף עזה 233,,
מפעלי שאן,דקה,בקעת בית שאן 128,,
מצד שמעון,דקה וחצי,יהודה 200,,
מצדה,דקה וחצי,ים המלח 207 ,,
מצדות יהודה,דקה וחצי,יהודה 207,,
מצובה,מיידי,קו העימות 14,,
מצוקי דרגות,דקה וחצי,ים המלח 210,,
מצליח,דקה וחצי,שפלה 178,,
מצפה,דקה,גליל תחתון 56  ,,
מצפה אבי''ב,דקה,גליל תחתון 63  ,,
מצפה אילן,דקה וחצי,עירון 112,,
מצפה יריחו,דקה וחצי,בקעה 133,,
מצפה נטופה,דקה,גליל תחתון 57,,
מצפה רמון,דקה וחצי,נגב 305,,
מצפה שלם,דקה וחצי,ים המלח 210,,
מצר,דקה וחצי,עמק חפר 149,,
מקווה ישראל,דקה וחצי,דן 162,,
מראח אל בקר,דקה וחצי,יהודה 206,,
מראח רבאח,דקה וחצי,יהודה 200,,
מרג' נעג'ה,דקה וחצי,בקעה 130,,
מרגליות,מיידי,קו העימות 26,,
מרדה,דקה וחצי,שומרון 122,,
מרום גולן,מיידי,גולן 3,,
מרחב עם,דקה וחצי,נגב 305,,
מרחביה מושב,דקה,עמק יזרעאל 90,,
מרחביה קיבוץ,דקה,עמק יזרעאל 90,,
מרכז אזורי מישגב,דקה,גליל תחתון 63  ,,
מרכז אזורי מרום הגליל,30 שניות,גליל עליון 44,,
מרכז כ''ח,מיידי,קו העימות 24,,
מרכז מיר''ב,דקה וחצי,מנשה 102,,
מרכז קניות ביל''ו,דקה וחצי,שפלה 184,,
מרכז שוהם,דקה וחצי,שפלה 173,,
מרכז שפירא,45 שניות,אשדוד 276,,
משאבי שדה,דקה וחצי,נגב 302,,
משגב דב,דקה,אשדוד 267,,
משגב עם,מיידי,קו העימות 26,,
משהד,דקה,תבור 95,,
משואה,דקה וחצי,בקעה 131,,
משואות יצחק,45 שניות,אשדוד 276,,
משכיות,דקה וחצי,בקעה 130,,
משמר איילון,דקה וחצי,שפלה 184,,
משמר דוד,דקה וחצי,שפלה 184,,
משמר הירדן,30 שניות,גליל עליון 47,,
משמר הנגב,45 שניות,באר שבע 286,,
משמר העמק,דקה וחצי,מנשה 103,,
משמר השבעה,דקה וחצי,שפלה 174,,
משמר השרון,דקה וחצי,שרון 138,,
משמרות,דקה וחצי,מנשה 106,,
משמרת,דקה וחצי,עמק חפר 139,,
משען,30 שניות,אשקלון 248,,
משרוע בית קאד,דקה וחצי,שומרון 119,,
מתן,דקה וחצי,שרון 143,,
מתת,מיידי,קו העימות 19,,
מתתיהו,דקה וחצי,שפלה 181,,
נאות גולן,מיידי,גולן 2,,
נאות הכיכר,3 דקות,ערבה 310,,
נאות מרדכי,מיידי,קו העימות 25,,
נאות סמדר,3 דקות,ערבה 310,,
נאעורה,דקה,עמק יזרעאל 90,,
נאקורה,דקה וחצי,שומרון 120,,
נבטים,דקה וחצי,נגב 297,,
נבי סאלח,דקה וחצי,שומרון 124,,
נבי סמואל,דקה וחצי,שומרון 127,,
נגבה,30 שניות,אשקלון 249,,
נגוהות,דקה וחצי,יהודה 207,,
נהורה,30 שניות,אשקלון 249,,
נהלל,דקה,עמק יזרעאל 87,,
נהריה,מיידי,קו העימות 29,,
נוב,מיידי,גולן 2,,
נובא,דקה וחצי,יהודה 188,,
נוגה,30 שניות,אשקלון 249,,
נווה,15 שניות,אשקלון 238,,
נווה אבות,דקה וחצי,מנשה 106,,
נווה אור,דקה,בקעת בית שאן 128,,
נווה אטי''ב,מיידי,גולן 1,,
נווה אילן,דקה וחצי,בית שמש 189,,
נווה איתן,דקה,בקעת בית שאן 128,,
נווה אפעל,דקה וחצי,דן 161,,
נווה דניאל,דקה וחצי,יהודה 206,,
נווה הרצוג,45 שניות,אשדוד 271,,
נווה זוהר,דקה וחצי,ים המלח 207 ,,
נווה זיו,מיידי,קו העימות 31,,
נווה חריף,3 דקות,ערבה 310,,
נווה ים,דקה,כרמל 81,,
נווה ימין,דקה וחצי,שרון 141,,
נווה יער,דקה,עמק יזרעאל 87,,
נווה ירק,דקה וחצי,שרון 143,,
נווה מבטח,דקה,אשדוד 273,,
נווה מיכאל,דקה וחצי,בית שמש 188,,
נווה שלום,דקה וחצי,בית שמש 188,,
נועימה,דקה וחצי,בקעה 133,,
נועימה מחנה פליטים,דקה וחצי,בקעה 133,,
נועם,45 שניות,אשדוד 281,,
נוף איילון,דקה וחצי,שפלה 181,,
נופים,דקה וחצי,שומרון 121,,
נופית,דקה,גליל תחתון 63  ,,
נופך,דקה וחצי,שפלה 169,,
נוקדים,דקה וחצי,יהודה 200,,
נור א שמס,דקה וחצי,שומרון 119,,
נורדיה,דקה וחצי,שרון 138,,
נורית,דקה,עמק יזרעאל 90,,
נזלה א שרקיה,דקה וחצי,שומרון 118,,
נזלה אל ווסטא,דקה וחצי,שומרון 119,,
נזלה אל ע'רביה,דקה וחצי,שומרון 119,,
נזלת אבו נאר,דקה וחצי,שומרון 119,,
נזלת זיד,דקה וחצי,שומרון 118,,
נזלת עיסא,דקה וחצי,עמק חפר 149,,
נח''ל אלישע,דקה וחצי,בקעה 133,,
נחאלין,דקה וחצי,יהודה 206,,
נחושה,דקה,אשדוד 278,,
נחל עוז,15 שניות,עוטף עזה 224,,
נחלה,45 שניות,אשדוד 280,,
נחליאל,דקה וחצי,שומרון 126,,
נחלים,דקה וחצי,שפלה 169,,
נחם,דקה וחצי,בית שמש 188,,
נחף,30 שניות,גליל עליון 42,,
נחשולים,דקה וחצי,מנשה 102,,
נחשון,דקה וחצי,בית שמש 188,,
נחשונים,דקה וחצי,שפלה 169,,
נטועה,מיידי,קו העימות 17,,
נטור,מיידי,גולן 2,,
נטע,דקה,באר שבע 285,,
נטעים,דקה וחצי,שפלה 175,,
נטף,דקה וחצי,בית שמש 189,,
ניל''י,דקה וחצי,שומרון 126,,
נין,דקה,עמק יזרעאל 90,,
ניסף ג'וביל,דקה וחצי,שומרון 119,,
ניעלין,דקה וחצי,שפלה 181,,
ניצן,45 שניות,אשקלון 245,,
ניצן ב',45 שניות,אשקלון 245,,
ניצנה כפר נוער,דקה,נגב 302,,
ניצני סיני,דקה,נגב 302,,
ניצני עוז,דקה וחצי,עמק חפר 150,,
ניצנים,30 שניות,אשקלון 245,,
ניר אליהו,דקה וחצי,עמק חפר 139,,
ניר בנים,45 שניות,אשדוד 280,,
ניר גלים,45 שניות,אשדוד 271,,
ניר דוד,דקה,בקעת בית שאן 128,,
ניר ח''ן,30 שניות,אשקלון 249,,
ניר יפה,דקה,עמק יזרעאל 93,,
ניר יצחק,15 שניות,עוטף עזה 236,,
ניר ישראל,30 שניות,אשקלון 248,,
ניר משה,15 שניות,אשקלון 253,,
ניר עוז,15 שניות,עוטף עזה 232,,
ניר עם,15 שניות,עוטף עזה 220,,
ניר עציון,דקה,כרמל 81,,
ניר עקיבא,30 שניות,אשקלון 253,,
ניר צבי,דקה וחצי,שפלה 179,,
נירים,15 שניות,עוטף עזה 231,,
נירית,דקה וחצי,שרון 143,,
נירן,דקה וחצי,בקעה 132,,
נמל חיפה,דקה,חיפה 78,,
נמל תעופה בן גוריון,דקה וחצי,שפלה 172,,
נמרוד,מיידי,גולן 1,,
נס הרים,דקה וחצי,בית שמש 189,,
נס עמים,30 שניות,גליל עליון 37,,
נס ציונה,דקה וחצי,שפלה 183,,
נעורים,דקה וחצי,שרון 137,,
נעלה,דקה וחצי,שומרון 126,,
נעמי,דקה וחצי,בקעה 132,,
נען,דקה וחצי,שפלה 184,,
נצאצרה,דקה וחצי,נגב 299,,
נצר חזני,דקה וחצי,שפלה 184,,
נצר סרני,דקה וחצי,שפלה 182,,
נצרת,דקה,תבור 95,,
נצרת עילית,דקה,תבור 95,,
נשר,דקה,כרמל 80,,
נתיב הגדוד,דקה וחצי,בקעה 132,,
נתיב הל''ה,דקה וחצי,בית שמש 188,,
נתיב העשרה,15 שניות,עוטף עזה 218,,
נתיב השיירה,30 שניות,גליל עליון 37,,
נתיבות,30 שניות,אשקלון 254,,
נתניה,דקה וחצי,שרון 138,,
סאג'ור,30 שניות,גליל עליון 42,,
סאוויה,דקה וחצי,שומרון 124,,
סאלם,דקה וחצי,שומרון 120,,
סאנור,דקה וחצי,שומרון 119,,
סאסא,מיידי,קו העימות 19,,
סביון,דקה וחצי,דן 161,,
סבסטיה,דקה וחצי,שומרון 120,,
סגולה,45 שניות,אשדוד 280,,
סואעד,דקה,גליל תחתון 63  ,,
סובא,דקה וחצי,יהודה 207,,
סולם שונם,דקה,עמק יזרעאל 90,,
סוסיה,דקה וחצי,יהודה 207,,
סופה,15 שניות,עוטף עזה 236,,
סורדה,דקה וחצי,שומרון 126,,
סוריף,דקה וחצי,יהודה 206,,
סח'נין,דקה,גליל תחתון 60,,
סידא,דקה וחצי,שומרון 119,,
סילואד,דקה וחצי,שומרון 125,,
סילת א דהר,דקה וחצי,שומרון 119,,
סילת אל ח'רית'יה,דקה וחצי,שומרון 118,,
סימיא,דקה וחצי,יהודה 207,,
סינג'יל,דקה וחצי,שומרון 124,,
סיעיר,דקה וחצי,יהודה 206,,
סיר,דקה וחצי,שומרון 119,,
סיריס,דקה וחצי,שומרון 119,,
סלמה,דקה,גליל תחתון 60,,
סלעית,דקה וחצי,שומרון 120,,
סלפית,דקה וחצי,שומרון 122,,
סמוע,דקה וחצי,יהודה 207,,
סמר,3 דקות,ערבה 310,,
סניריא,דקה וחצי,שומרון 121,,
סנסנה,דקה וחצי,נגב 296,,
סעד,15 שניות,עוטף עזה 223,,
סער,מיידי,קו העימות 29,,
ספא,דקה וחצי,שומרון 126,,
ספארין,דקה וחצי,שומרון 120,,
ספיר,3 דקות,ערבה 310,,
ספסופה,30 שניות,גליל עליון 46,,
סרה,דקה וחצי,שומרון 120,,
סרטא,דקה וחצי,שומרון 121,,
סרכיס,דקה,הקריות 71,,
סתריה,דקה וחצי,שפלה 184,,
ע'ג'ר,מיידי,קו העימות 28,,
עאבה,דקה וחצי,שומרון 119,,
עאבוד,דקה וחצי,שומרון 124,,
עאטוף,דקה וחצי,בקעה 130,,
עאנין,דקה וחצי,שומרון 118,,
עבדאללה איברהים,דקה וחצי,יהודה 206,,
עבדאללה איברהים,דקה וחצי,יהודה 200,,
עבדה,דקה וחצי,יהודה 207,,
עבדון,מיידי,קו העימות 31,,
עבווין,דקה וחצי,שומרון 124,,
עברון,מיידי,קו העימות 29,,
עג'ה,דקה וחצי,שומרון 119,,
עג'ול,דקה וחצי,שומרון 124,,
עגור,דקה,אשדוד 278,,
עד הלום,45 שניות,אשדוד 271,,
עדי,דקה,גליל תחתון 63  ,,
עדנים,דקה וחצי,שרון 143,,
עובידייה,דקה וחצי,יהודה 200,,
עוג'א אתחתא,דקה וחצי,בקעה 132,,
עווד,דקה וחצי,יהודה 207,,
עוורתא,דקה וחצי,שומרון 120,,
עוזה,30 שניות,אשדוד 281,,
עוזיז,דקה וחצי,יהודה 207,,
עוזייר,דקה,גליל תחתון 61,,
עולש,דקה וחצי,עמק חפר 150,,
עומר,דקה וחצי,נגב 287,,
עוסארין,דקה וחצי,שומרון 120,,
עופר,דקה וחצי,מנשה 102,,
עופרים,דקה וחצי,שומרון 123,,
עוצם,30 שניות,אשקלון 249,,
עוקבי,דקה וחצי,נגב 296,,
עוריף,דקה וחצי,שומרון 120,,
עזאזמה,דקה וחצי,נגב 300,,
עזאזמה דרומית לרמת חובב,דקה וחצי,נגב 300,,
עזאזמה דרומית לשגב שלום,דקה וחצי,נגב 300,,
עזאזמה מזרחית לרמת חובב,דקה וחצי,נגב 300,,
עזוז,דקה וחצי,נגב 302,,
עזון,דקה וחצי,שומרון 121,,
עזון עתמה,דקה וחצי,שומרון 121,,
עזמוט,דקה וחצי,שומרון 120,,
עזר,45 שניות,אשדוד 272,,
עזריאל,דקה וחצי,עמק חפר 139,,
עזריה,דקה וחצי,שפלה 184,,
עזריקם,45 שניות,אשדוד 272,,
עטארה,דקה וחצי,שומרון 119,,
עטארה ליד ביר זית,דקה וחצי,שומרון 124,,
עטרת,דקה וחצי,שומרון 124,,
עידן,3 דקות,ערבה 310,,
עיזרייה,דקה וחצי,מעלה אדומים 200,,
עיילבון,דקה,גליל תחתון 57,,
עיינות,דקה וחצי,שפלה 183,,
עילאר,דקה וחצי,שומרון 119,,
עילוט,דקה,עמק יזרעאל 87,,
עילת עלי,דקה וחצי,יהודה 200,,
עין א סולטאן מחנה פליטים,דקה וחצי,בקעה 133,,
עין איוב,דקה וחצי,שומרון 126,,
עין איילה,דקה וחצי,מנשה 102,,
עין אל אסד,30 שניות,גליל עליון 42,,
עין אל בידא,דקה וחצי,שומרון 119,,
עין אל מטווי,דקה וחצי,שומרון 122,,
עין בוקק,דקה וחצי,ים המלח 207 ,,
עין גב,15 שניות,קצרין 10,,
עין גדי,דקה וחצי,ים המלח 207 ,,
עין דור,דקה,תבור 96,,
עין הבשור,15 שניות,עוטף עזה 233,,
עין הוד,דקה,כרמל 81,,
עין החורש,דקה וחצי,עמק חפר 137,,
עין המפרץ,30 שניות,גליל עליון 37,,
עין הנצי''ב,דקה,בקעת בית שאן 128,,
עין העמק,דקה וחצי,מנשה 103,,
עין השופט,דקה וחצי,מנשה 103,,
עין השלושה,15 שניות,עוטף עזה 231,,
עין ורד,דקה וחצי,עמק חפר 139,,
עין זיוון,מיידי,גולן 3,,
עין חוד,דקה,כרמל 81,,
עין חצבה,3 דקות,ערבה 310,,
עין חרוד איחוד,דקה,עמק יזרעאל 90,,
עין חרוד מאוחד,דקה,עמק יזרעאל 90,,
עין יאנון,דקה וחצי,שומרון 120,,
עין יברוד,דקה וחצי,שומרון 126,,
עין יהב,3 דקות,ערבה 310,,
עין יעקב,מיידי,קו העימות 31,,
עין כמונים,30 שניות,גליל עליון 44,,
עין כרמל,דקה,כרמל 81,,
עין מאהל,דקה,תבור 95,,
עין מע'ר,דקה וחצי,בקעה 132,,
עין נקובא,דקה וחצי,בית שמש 189,,
עין סיניא,דקה וחצי,שומרון 126,,
עין עירון,דקה וחצי,מנשה 106,,
עין עריכ,דקה וחצי,שומרון 126,,
עין צורים,45 שניות,אשדוד 276,,
עין קיניא,דקה וחצי,שומרון 126,,
עין קנייא,מיידי,גולן 1,,
עין ראפה,דקה וחצי,בית שמש 189,,
עין שמר,דקה וחצי,מנשה 106,,
עין שריד,דקה וחצי,עמק חפר 139,,
עין תמר,3 דקות,ערבה 310,,
עינאבוס,דקה וחצי,שומרון 120,,
עינבר,דקה,גליל תחתון 57,,
עינת,דקה וחצי,שפלה 170,,
עיר אובות,3 דקות,ערבה 310,,
עיראק בורין,דקה וחצי,שומרון 120,,
עכו,30 שניות,גליל עליון 37,,
עלומים,15 שניות,עוטף עזה 224,,
עלי,דקה וחצי,שומרון 125,,
עלי זהב,דקה וחצי,שומרון 123,,
עלמה,מיידי,קו העימות 23,,
עלמון,דקה וחצי,בקעה 133,,
עמוקה,30 שניות,גליל עליון 47,,
עמוריה,דקה וחצי,שומרון 124,,
עמינדב,דקה וחצי,בית שמש 191,,
עמיעד,30 שניות,גליל עליון 50,,
עמיעוז,15 שניות,עוטף עזה 234,,
עמיקם,דקה וחצי,מנשה 104,,
עמיר,מיידי,קו העימות 25,,
עמנואל,דקה וחצי,שומרון 121,,
עמקה,30 שניות,גליל עליון 38,,
ענאב אל כביר,דקה וחצי,יהודה 207,,
ענאתא,דקה וחצי,ירושלים 194,,
ענב,דקה וחצי,שומרון 120,,
ענבתא,דקה וחצי,שומרון 119,,
ענזה,דקה וחצי,שומרון 119,,
עסירה א שמאליה,דקה וחצי,שומרון 119,,
עסירה אל קיבליה,דקה וחצי,שומרון 120,,
עסכר,דקה וחצי,שומרון 120,,
עספיא,דקה,כרמל 82,,
עפולה,דקה,עמק יזרעאל 90,,
עפרה,דקה וחצי,שומרון 125,,
עץ אפרים,דקה וחצי,שומרון 121,,
עצמון שגב,דקה,גליל תחתון 63  ,,
עקאבת ג'בר מחנה פליטים,דקה וחצי,בקעה 133,,
עקבה בשומרון,דקה וחצי,שומרון 119,,
עקבת תיאסיר,דקה וחצי,שומרון 119,,
עקרבה,דקה וחצי,שומרון 120,,
עראבה,דקה,גליל תחתון 60,,
עראבה ליד ג'נין,דקה וחצי,שומרון 118,,
עראמשה,מיידי,קו העימות 15,,
עראנה,דקה וחצי,שומרון 119,,
ערב א שמעה,דקה וחצי,יהודה 200,,
ערב אזונר,דקה,גליל תחתון 60,,
ערב אל גנאדי,דקה,גליל תחתון 63  ,,
ערב אל נעים,דקה,גליל תחתון 63  ,,
ערב אל סגיראת,דקה,גליל תחתון 63  ,,
ערב אל סמניה,דקה,גליל תחתון 63  ,,
ערב אל עיסאת,דקה,עמק יזרעאל 87,,
ערב אל פמאז,דקה,תבור 95,,
ערבונה,דקה וחצי,שומרון 119,,
ערד,דקה וחצי,נגב 299,,
ערוגות,45 שניות,אשדוד 275,,
ערורה,דקה וחצי,שומרון 124,,
ערערה,דקה וחצי,עירון 112,,
ערערה בנגב,דקה וחצי,נגב 299,,
ערקה,דקה וחצי,שומרון 118,,
עשרת,דקה,אשדוד 267,,
עתיל,דקה וחצי,שומרון 119,,
עתלית,דקה,כרמל 81,,
עתניאל,דקה וחצי,יהודה 207,,
פארן,3 דקות,ערבה 310,,
פארעה אל ג'פתלכ,דקה וחצי,בקעה 130,,
פארק צרעה,דקה וחצי,בית שמש 188,,
פדואל,דקה וחצי,שומרון 123,,
פדויים,45 שניות,באר שבע 288,,
פדיה,דקה וחצי,שפלה 184,,
פוקיקיס,דקה וחצי,יהודה 207,,
פוריה כפר עבודה,דקה,תבור 98,,
פוריה נווה עובד,דקה,תבור 98,,
פוריה עילית,דקה,תבור 98,,
פוריידיס,דקה וחצי,מנשה 102,,
פורת,דקה וחצי,עמק חפר 139,,
פחמה,דקה וחצי,שומרון 119,,
פטיש,30 שניות,אשקלון 256,,
פיראסין,דקה וחצי,שומרון 118,,
פלאמה,דקה וחצי,שומרון 120,,
פלך,30 שניות,גליל עליון 40,,
פלמחים,דקה וחצי,שפלה 175,,
פנדקומיה,דקה וחצי,שומרון 119,,
פני חבר,דקה וחצי,יהודה 207,,
פסאיל,דקה וחצי,בקעה 132,,
פסגות,דקה וחצי,שומרון 126,,
פסוטה,מיידי,קו העימות 17,,
פעמי תש''ז,30 שניות,אשקלון 253,,
פצאל,דקה וחצי,בקעה 132,,
פקועה,דקה וחצי,שומרון 119,,
פקיעין,מיידי,קו העימות 20,,
פקיעין חדשה,מיידי,קו העימות 20,,
פרדס חנה כרכור,דקה וחצי,מנשה 106,,
פרדסיה,דקה וחצי,עמק חפר 139,,
פרוד,30 שניות,גליל עליון 44,,
פרוש בית דג'ן,דקה וחצי,בקעה 130,,
פרזון,דקה,עמק יזרעאל 93,,
פרח'ה,דקה וחצי,שומרון 122,,
פרי גן,15 שניות,עוטף עזה 238,,
פרעון,דקה וחצי,שומרון 120,,
פרעתה,דקה וחצי,שומרון 120,,
פתח תקווה,דקה וחצי,שפלה 168,,
פתח תקווה,דקה וחצי,דן 160,,
פתחיה,דקה וחצי,שפלה 184,,
צאלים,30 שניות,אשקלון 257,,
צביה,דקה,גליל תחתון 60,,
צבעון,מיידי,קו העימות 20,,
צובה,דקה וחצי,בית שמש 190,,
צוחר,15 שניות,אשקלון 234,,
צופיה,דקה,אשדוד 267,,
צופין,דקה וחצי,שומרון 121,,
צופית,דקה וחצי,שרון 141,,
צופר,3 דקות,ערבה 310,,
צוקי ים,דקה וחצי,שרון 138,,
צוקים,3 דקות,ערבה 310,,
צור הדסה,דקה וחצי,בית שמש 191,,
צור יגאל,דקה וחצי,עמק חפר 139,,
צור יצחק,דקה וחצי,עמק חפר 139,,
צור משה,דקה וחצי,עמק חפר 139,,
צור נתן,דקה וחצי,עמק חפר 139,,
צוריאל,מיידי,קו העימות 20,,
צורית,30 שניות,גליל עליון 42,,
ציפורי,דקה,תבור 95,,
צלפון,דקה וחצי,בית שמש 188,,
צנדלה,דקה,עמק יזרעאל 93,,
צפריה,דקה וחצי,שפלה 174,,
צפרירים,דקה,אשדוד 278,,
צפת,30 שניות,גליל עליון 49,,
צרופה,דקה וחצי,מנשה 102,,
צריפין,דקה וחצי,שפלה 178,,
צרעה,דקה וחצי,בית שמש 188,,
קבאטיה,דקה וחצי,שומרון 119,,
קבועה,דקה וחצי,נגב 299,,
קבוצת יבנה,דקה,אשדוד 267,,
קבלאן,דקה וחצי,שומרון 125,,
קדומים,דקה וחצי,שומרון 120,,
קדימה צורן,דקה וחצי,עמק חפר 139,,
קדיתא,30 שניות,גליל עליון 44,,
קדמה,45 שניות,אשדוד 280,,
קדמת צבי,15 שניות,קצרין 7,,
קדר,דקה וחצי,מעלה אדומים 200,,
קדרון,דקה,אשדוד 268,,
קדרים,דקה,גליל תחתון 57,,
קובסי,30 שניות,גליל עליון 42,,
קודייראת א צאנה,דקה וחצי,נגב 299,,
קוואעין,דקה וחצי,יהודה 207,,
קוזה,דקה וחצי,שומרון 120,,
קוממיות,45 שניות,אשדוד 280,,
קוסין,דקה וחצי,שומרון 120,,
קוסרה,דקה וחצי,שומרון 125,,
קורנית,דקה,גליל תחתון 63  ,,
קטורה,3 דקות,ערבה 310,,
קיביא,דקה וחצי,שומרון 126,,
קילקיס,דקה וחצי,יהודה 207,,
קיסריה,דקה וחצי,מנשה 105,,
קירה,דקה וחצי,שומרון 122,,
קלחים,30 שניות,אשקלון 253,,
קליה,דקה וחצי,בקעה 133,,
קלנדיה,דקה וחצי,שומרון 126,,
קלנסווה,דקה וחצי,עמק חפר 139,,
קלע,15 שניות,קצרין 7,,
קלקיליה,דקה וחצי,שומרון 121,,
קסר א סיר,דקה וחצי,נגב 301,,
קפין,דקה וחצי,שומרון 118,,
קציעות,דקה וחצי,נגב 302,,
קציר חריש,דקה וחצי,עירון 112,,
קצרין,15 שניות,קצרין 7,,
קראות בני זיד,דקה וחצי,שומרון 124,,
קראות בני חסן,דקה וחצי,שומרון 121,,
קריות,דקה וחצי,שומרון 125,,
קרית אונו,דקה וחצי,דן 161,,
קרית ארבע,דקה וחצי,יהודה 207,,
קרית אתא,דקה,הקריות 71,,
קרית ביאליק,דקה,הקריות 70,,
קרית גת,45 שניות,אשדוד 281,,
קרית חיים,דקה,הקריות 70,,
קרית חינוך שדות נגב,30 שניות,אשקלון 254,,
קרית טבעון,דקה,עמק יזרעאל 86,,
קרית ים,דקה,הקריות 70,,
קרית יערים,דקה וחצי,בית שמש 189,,
קרית מוצקין,דקה,הקריות 70,,
קרית מלאכי,45 שניות,אשדוד 275,,
קרית נטפים,דקה וחצי,שומרון 122,,
קרית ענבים,דקה וחצי,בית שמש 190,,
קרית עקרון,דקה וחצי,שפלה 184,,
קרית שלמה,דקה וחצי,שרון 142,,
קרית שמואל,דקה,הקריות 70,,
קרית שמונה,מיידי,קו העימות 26,,
קרנב אבו סלב,דקה וחצי,נגב 301,,
קרני שומרון,דקה וחצי,שומרון 121,,
קשכר נבארי,דקה וחצי,נגב 299,,
קשת,מיידי,גולן 3,,
ראבא,דקה וחצי,שומרון 119,,
ראבוד,דקה וחצי,יהודה 207,,
ראם תשלובת חקלאית,דקה וחצי,נגב 302,,
ראמה,30 שניות,גליל עליון 42,,
ראמין,דקה וחצי,שומרון 120,,
ראס אל עין,דקה,גליל תחתון 60,,
ראס כרכר,דקה וחצי,שומרון 126,,
ראס סניסיל,דקה וחצי,יהודה 200,,
ראס עלי,דקה,גליל תחתון 63  ,,
ראפאת ליד גבעת זאב,דקה וחצי,שומרון 126,,
ראפאת ליד סמוע,דקה וחצי,יהודה 207,,
ראפאת ליד פדואל,דקה וחצי,שומרון 123,,
ראש העין,דקה וחצי,שפלה 170,,
ראש פינה,30 שניות,גליל עליון 50,,
ראש צורים,דקה וחצי,יהודה 206,,
ראשון לציון,דקה וחצי,שפלה 175,,
רבבה,דקה וחצי,שומרון 122,,
רבדים,דקה,אשדוד 268,,
רביבים,דקה וחצי,נגב 302,,
רביד,דקה,גליל תחתון 55  ,,
רגבה,30 שניות,גליל עליון 35,,
רגבים,דקה וחצי,מנשה 104,,
רהט,45 שניות,באר שבע 286,,
רוג'ייב,דקה וחצי,שומרון 120,,
רוג'ם אום ח'יר,דקה וחצי,יהודה 207,,
רוגלית,דקה וחצי,בית שמש 188,,
רווחה,45 שניות,אשדוד 280,,
רוויה,דקה,בקעת בית שאן 128,,
רוח במדבר,דקה וחצי,נגב 302,,
רוחמה,30 שניות,אשקלון 252,,
רומאנה,דקה,גליל תחתון 61,,
רומאנה ממזרח לאום אל פחם,דקה וחצי,שומרון 118,,
רומיחאת,דקה,הקריות 71,,
רומת היב,דקה,גליל תחתון 61,,
רועי,דקה וחצי,בקעה 130,,
רוקעה,דקה וחצי,יהודה 207,,
רותם,דקה וחצי,בקעה 130,,
רח'מה,דקה וחצי,נגב 301,,
רחוב,דקה,בקעת בית שאן 128,,
רחובות,דקה וחצי,שפלה 182,,
רחלים,דקה וחצי,שומרון 125,,
ריחאנייה,מיידי,קו העימות 23,,
ריחן,דקה וחצי,עירון 112,,
ריינה,דקה,תבור 95,,
רימונים,דקה וחצי,בקעה 133,,
רינתיה,דקה וחצי,שפלה 169,,
רכסים,דקה,הקריות 71,,
רם און,דקה,עמק יזרעאל 93,,
רמאללה,דקה וחצי,שומרון 126,,
רמה,דקה וחצי,שומרון 119,,
רמון,דקה וחצי,שומרון 125,,
רמות,15 שניות,קצרין 10,,
רמות השבים,דקה וחצי,שרון 143,,
רמות מאיר,דקה וחצי,שפלה 184,,
רמות מנשה,דקה וחצי,מנשה 103,,
רמות נפתלי,מיידי,קו העימות 24,,
רמלה,דקה וחצי,שפלה 178,,
רמת אפעל,דקה וחצי,דן 161,,
רמת גן,דקה וחצי,דן 160,,
רמת דוד,דקה,עמק יזרעאל 87,,
רמת הכובש,דקה וחצי,עמק חפר 139,,
רמת השופט,דקה וחצי,מנשה 103,,
רמת השרון,דקה וחצי,דן 155,,
רמת חובב,דקה וחצי,נגב 300,,
רמת יוחנן,דקה,הקריות 71,,
רמת ישי,דקה,עמק יזרעאל 87,,
רמת מגשימים,מיידי,גולן 2,,
רמת צבי,דקה,עמק יזרעאל 93,,
רמת רזיאל,דקה וחצי,בית שמש 189,,
רמת רחל,דקה וחצי,ירושלים 194,,
רנן,30 שניות,באר שבע 288,,
רנתיס,דקה וחצי,שומרון 123,,
רעים,15 שניות,עוטף עזה 228,,
רעננה,דקה וחצי,שרון 140,,
רפידא,דקה וחצי,יהודה 200,,
רפידיה,דקה וחצי,שומרון 120,,
רקפת,דקה,גליל תחתון 63  ,,
רשפון,דקה וחצי,שרון 140,,
רשפים,דקה,בקעת בית שאן 128,,
רתמים,דקה וחצי,נגב 302,,
שאר ישוב,מיידי,קו העימות 28,,
שבות רחל,דקה וחצי,שומרון 125,,
שבי דרום,30 שניות,אשקלון 253,,
שבי ציון,30 שניות,קו העימות 29,,
שבי שומרון,דקה וחצי,שומרון 120,,
שבלי,דקה,תבור 96,,
שבתין,דקה וחצי,שומרון 126,,
שגב שלום,דקה וחצי,נגב 297,,
שגור,30 שניות,גליל עליון 42,,
שדה אילן,דקה,תבור 98,,
שדה אליהו,דקה,בקעת בית שאן 128,,
שדה אליעזר,30 שניות,גליל עליון 47,,
שדה בוקר,דקה וחצי,נגב 305,,
שדה דוד,30 שניות,אשקלון 251,,
שדה ורבורג,דקה וחצי,עמק חפר 139,,
שדה יואב,30 שניות,אשקלון 249,,
שדה יעקב,דקה,עמק יזרעאל 87,,
שדה יצחק,דקה וחצי,מנשה 108,,
שדה משה,45 שניות,אשדוד 281,,
שדה נחום,דקה,בקעת בית שאן 128,,
שדה נחמיה,מיידי,קו העימות 25,,
שדה ניצן,15 שניות,אשקלון 234,,
שדה עוזיהו,45 שניות,אשדוד 272,,
שדה צבי,30 שניות,אשקלון 253,,
שדות ים,דקה וחצי,מנשה 105,,
שדות מיכה,דקה,אשדוד 278,,
שדי אברהם,15 שניות,עוטף עזה 238,,
שדי חמד,דקה וחצי,שרון 143,,
שדי תרומות,דקה,בקעת בית שאן 128,,
שדמה,דקה,אשדוד 267,,
שדמות דבורה,דקה,תבור 96,,
שדמות מחולה,דקה וחצי,בקעה 130,,
שדרות,15 שניות,עוטף עזה 220,,
שואבה,דקה וחצי,בית שמש 189,,
שובה,15 שניות,עוטף עזה 225,,
שובל,45 שניות,באר שבע 286,,
שוהם,דקה וחצי,שפלה 173,,
שוויכה,דקה וחצי,שומרון 119,,
שוויכה בהר חברון,דקה וחצי,יהודה 207,,
שומרה,מיידי,קו העימות 16,,
שומריה,דקה,באר שבע 285,,
שופה,דקה וחצי,שומרון 120,,
שוקבא,דקה וחצי,שומרון 126,,
שוקדה,15 שניות,עוטף עזה 225,,
שורש,דקה וחצי,בית שמש 189,,
שורשים,דקה,גליל תחתון 63  ,,
שושנת העמקים,דקה וחצי,שרון 138,,
שזור,30 שניות,גליל עליון 42,,
שחר,30 שניות,אשקלון 249,,
שחרות,3 דקות,ערבה 310,,
שיבולים,30 שניות,אשקלון 255,,
שיבטה,דקה וחצי,נגב 302,,
שיטים,3 דקות,ערבה 308,,
שייח' אחמד אל עבד,דקה וחצי,יהודה 207,,
שייח' דנון,30 שניות,גליל עליון 37,,
שילה,דקה וחצי,שומרון 125,,
שילת,דקה וחצי,שפלה 181,,
שכם,דקה וחצי,שומרון 120,,
שכניה,דקה,גליל תחתון 63  ,,
שלווה,30 שניות,אשדוד 281,,
שלווה במדבר,דקה וחצי,נגב 305,,
שלוחות,דקה,בקעת בית שאן 128,,
שלומי,מיידי,קו העימות 14,,
שלומית,15 שניות,אשקלון 238,,
שלומציון,דקה וחצי,בקעה 131,,
שמיר,מיידי,קו העימות 25,,
שמעה,דקה וחצי,יהודה 207,,
שמרת,30 שניות,גליל עליון 37,,
שמשית,דקה,עמק יזרעאל 87,,
שני ליבנה,דקה וחצי,יהודה 207,,
שניר,מיידי,קו העימות 28,,
שעב,דקה,גליל תחתון 63  ,,
שעורים,דקה,תבור 96,,
שעל,15 שניות,קצרין 7,,
שעלבים,דקה וחצי,שפלה 181,,
שער אפרים,דקה וחצי,עמק חפר 139,,
שער הגולן,15 שניות,קצרין 10,,
שער העמקים,דקה,עמק יזרעאל 86,,
שער מנשה,דקה וחצי,מנשה 108,,
שערי תקווה,דקה וחצי,שומרון 121,,
שפיים,דקה וחצי,שרון 142,,
שפיר,45 שניות,אשדוד 276,,
שפר,30 שניות,גליל עליון 44,,
שפרעם,דקה,גליל תחתון 63  ,,
שקד,דקה וחצי,שומרון 118,,
שקף,דקה,באר שבע 285,,
שרונה,דקה,תבור 98,,
שריגים,דקה,אשדוד 278,,
שריד,דקה,עמק יזרעאל 87,,
שרשרת,30 שניות,אשקלון 255,,
שתולה,מיידי,קו העימות 16,,
שתולים,45 שניות,אשדוד 272,,
תאשור,30 שניות,אשקלון 255,,
תדהר,30 שניות,אשקלון 255,,
תובל,30 שניות,גליל עליון 40,,
תומר,דקה וחצי,בקעה 132,,
תוקוע,דקה וחצי,יהודה 200,,
תורמוס עייא,דקה וחצי,שומרון 125,,
תושיה,15 שניות,עוטף עזה 225,,
תיאסיר,דקה וחצי,שומרון 119,,
תימורים,45 שניות,אשדוד 275,,
תיעניכ,דקה וחצי,שומרון 118,,
תירוש,דקה,אשדוד 278,,
תל,דקה וחצי,שומרון 120,,
תל א שמסיה,דקה וחצי,בקעה 130,,
תל אביב יפו,דקה וחצי,דן 157,,
תל אל בידה,דקה וחצי,בקעה 130,,
תל חי,מיידי,קו העימות 26,,
תל יוסף,דקה,עמק יזרעאל 93,,
תל יצחק,דקה וחצי,שרון 142,,
תל מונד,דקה וחצי,עמק חפר 139,,
תל עדשים,דקה,תבור 95,,
תל קציר,15 שניות,קצרין 10,,
תל שבע,דקה וחצי,נגב 287,,
תל תאומים,דקה,בקעת בית שאן 128,,
תלם,דקה וחצי,יהודה 188,,
תלמי אליהו,15 שניות,אשקלון 234,,
תלמי אלעזר,דקה וחצי,מנשה 108,,
תלמי ביל''ו,30 שניות,אשקלון 253,,
תלמי יוסף,15 שניות,עוטף עזה 238,,
תלמי יחיאל,דקה,אשדוד 275,,
תלמי יפה,15 שניות,אשקלון 250,,
תלמים,30 שניות,אשקלון 251,,
תלפית,דקה וחצי,שומרון 119,,
תלפית במרכז השומרון,דקה וחצי,שומרון 125,,
תמרת,דקה,עמק יזרעאל 87,,
תנובות,דקה וחצי,עמק חפר 150,,
תנין,דקה וחצי,שומרון 119,,
תעוז,דקה וחצי,בית שמש 188,,
תעמרה,דקה וחצי,יהודה 200,,
תעשיון השרון,דקה וחצי,שפלה 168,,
תעשיון שח''ק,דקה וחצי,שומרון 118,,
תפוח,דקה וחצי,יהודה 207,,
תפרח,45 שניות,באר שבע 289,,
תקומה,15 שניות,עוטף עזה 225,,
תקוע,דקה וחצי,יהודה 200,,
תראבין א צאנה,45 שניות,באר שבע 286,,
תראבין א צאנה שבט,דקה וחצי,נגב 300,,
תראמה,דקה וחצי,יהודה 207,,
תרדיון,דקה,גליל תחתון 60,,
תרום,דקה וחצי,בית שמש 188,,
תרקומיא,דקה וחצי,יהודה 188,,
